------[ 2021-01-01 00:00:00 ]

#grinch detector map
## crate slot start_channel end_channel
bb.grinch_tdc.detmap =
  7     3     0   127   526 0
  7     4     0   127   526 0
  7     5     0   127   526 0
  7     6     0   127   526 0
#  5     6     126 127  -1  526# # Bogus reference TDC


bb.grinch_tdc.chanmap =
        0  1   2   3   4   5   6   7   8   9  10  11  12  13  14  15
        16 17  18  19  20  21  22  23  24  25  26  27  28  29  30 31
        32 33  34  35  36  37  38  39  40  41  42  43  44  45  46 47
        48 49  50  51  52  53  54  55  56  57  58  59  60  61  62 63
        64 65  66  67  68  69  70  71  72  73  74  75  76  77  78 79
        80 81  82  83  84  85  86  87  88  89  90 91  92  93  94  95
        96 97  98  99 100 101 102 103 104 105 106 107 108 109 110 111
        112 113 114 115 116 117 118 119 120 121 122 123 124 125 126 127
        128 129 130 131 132 133 134 135 136 137 138 139 140 141 142 143
        144 145 146 147 148 149 150 151 152 153 154 155 156 157 158 159
        160 161 162 163 164 165 166 167 168 169 170 171 172 173 174 175
        176 177 178 179 180 181 182 183 184 185 186 187 188 189 190 191
        192 193 194 195 196 197 198 199 200 201 202 203 204 205 206 207
        208 209 210 211 212 213 214 215 216 217 218 219 220 221 222 223
        224 225 226 227 228 229 230 231 232 233 234 235 236 237 238 239
        240 241 242 243 244 245 246 247 248 249 250 251 252 253 254 255
        256 257 258 259 260 261 262 263 264 265 266 267 268 269 270 271
        272 273 274 275 276 277 278 279 280 281 282 283 284 285 286 287
        288 289 290 291 292 293 294 295 296 297 298 299 300 301 302 303
        304 305 306 307 308 309 310 311 312 313 314 315 316 317 318 319
        320 321 322 323 324 325 326 327 328 329 330 331 332 333 334 335
        336 337 338 339 340 341 342 343 344 345 346 347 348 349 350 351
        352 353 354 355 356 357 358 359 360 361 362 363 364 365 366 367
        368 369 370 371 372 373 374 375 376 377 378 379 380 381 382 383
        384 385 386 387 388 389 390 391 392 393 394 395 396 397 398 399
        400 401 402 403 404 405 406 407 408 409 410 411 412 413 414 415
        416 417 418 419 420 421 422 423 424 425 426 427 428 429 430 431
        432 433 434 435 436 437 438 439 440 441 442 443 444 445 446 447
        448 449 450 451 452 453 454 455 456 457 458 459 460 461 462 463
        464 465 466 467 468 469 470 471 472 473 474 475 476 477 478 479
        480 481 482 483 484 485 486 487 488 489 490 491 492 493 494 495
        496 497 498 499 500 501 502 503 504 505 506 507 508 509 510 511

bb.grinch_tdc.chanmap_start = 0

bb.grinch_tdc.model_in_detmap = 1
bb.grinch_tdc.tdc.calib = 1
bb.grinch_tdc.position = 0 0 0.4824  ## z of entrance window, m
bb.grinch_tdc.size =  2.47015 1.1480 0.889 ## tank size, m
bb.grinch_tdc.xyz = -0.9145 -0.124 1.0 ## position of PMT 0, m (we don't really need z)
bb.grinch_tdc.dxdydz = 0.031 0.031 1.0 ## distance between PMTs, m (we don't really need z)

#bb.grinch_tdc.tdc.offset = 
#934.732 898.497 877.839 904.125 935.082 907.5 807.253 893.847 968.399 977.093 924.449 914.722 915.68 903.209 910.341 1018.05 
#898.022 866.058 925.31 897.5 948.625 902.556 862.911 968.141 850.43 937.649 841.838 890.814 902.475 916.589 1048.57 896.092 
#846.87 764.822 894.727 849.795 918.765 1101.85 960.957 903.619 923.887 963.785 889.411 801.453 904.775 848.824 970.584 909.294 
#898.535 868.857 897.313 902.395 780.294 901.85 897.72 902.401 918.706 1001.58 883.393 976.088 925.926 897.856 906.979 992.677 
#896.923 906.388 902.549 961.534 976.089 898.754 898.492 899.231 898.093 909.954 897.121 897.739 1056.04 923.342 904.691 902.271 
#899.879 901.886 897.364 904.591 905.654 895.366 899.222 893.233 897.373 897.274 896.783 897.658 903.506 903.262 899.056 898.857 
#896.523 901.364 899.118 897.972 897.408 804.091 951.885 898.212 897.826 896.568 897.021 898.2 901.754 896.781 1037.15 901.335 
#885.701 896.19 894.769 891.88 894.222 893.041 903.489 893.554 895.297 894.039 894.156 894.978 895.739 891.261 896.425 897.665 
#896.838 903.154 900.966 898.136 900.736 914.158 902.426 943.93 975.756 901.706 900.92 903.096 901.096 899.499 902.865 904.219 
#905.59 1005.03 903.358 900.971 902.741 901.361 902.022 900.277 904.854 950.396 900.848 903.036 903.088 899.267 904.848 902.472 
#904.695 1014.08 903.737 903.26 902.04 899.441 904.056 899.066 902.588 1087.71 971.887 902.09 902.58 899.309 903.713 906.311 
#896.091 906.04 926.408 901.239 901.321 899.79 901.942 899.092 903.698 901.417 899.746 894.787 905.351 899.24 904.51 906.975 
#898.051 904.463 903.204 907.156 902.298 899.716 899.86 898.96 901.775 902.23 903.311 886.768 921.576 899.366 902.887 904.982 
#901.303 907.893 904.369 902.564 879.139 903.492 901.51 898.336 900.972 904.132 902.248 903.92 1037.55 1075.35 902.83 903.862 
#896.012 902.903 898.628 896.64 899.76 1303.67 899.541 896.155 895.961 896.846 897.08 898.946 898.761 902.685 985.877 901.398 
#892.149 897.006 895.091 895.486 897.055 894.577 905.192 896.786 897.942 897.512 897.053 897.247 897.417 896.536 1005.37 905.419 
#892.69 898.413 895.395 893.506 897.048 894.627 900.747 902.232 894.743 893.438 895.664 897.413 895.441 893.307 890.466 1022.61 
#912.483 906.169 901.515 902.569 904.161 902.384 902.904 905.219 916.747 909.291 902.564 904.248 902.324 904.004 904.857 910.766 
#881.478 923.82 902.304 899.515 901.441 901.787 900.713 907.947 877.72 931.922 902.263 901.908 901.457 900.053 904.789 920.114 
#909.32 899.671 1006.6 903.189 903.119 901.595 902.13 902.47 926.41 919.134 907.209 907.502 902.165 902.28 905.55 905.58 
#897.5 931.789 903.238 1092.91 901.358 900.803 902.409 902.748 902.566 899.614 1023.36 908.072 903.804 902.618 903.983 904.177 
#889.701 905.306 903.865 1184.43 939.82 903.488 902.912 901.201 903.029 902.401 906.277 1202.15 901.054 925.366 902.412 903.038 
#897.558 905.3 903.191 912.823 897.998 968.652 902.042 898.993 901.179 900.955 901.756 903.62 919.848 1102.5 1052.58 909.241 
#893.235 903.144 900.161 897.285 897.643 876.808 910.13 902.534 901.001 899.648 900.849 901.068 900.825 905.27 1122.46 922.477 
#357.859 881.013 886.792 884.63 886.58 892.341 901.351 892.07 891.949 883.963 883.099 886.859 886.119 887.067 889.245 895.879 
#886.903 893.9 888.486 885.495 887.249 888.432 892.875 873.218 904.002 895.085 891.023 890.858 888.263 888.96 891.598 895.398 
#891.219 899.591 890.725 888.581 886.15 888.353 889.342 870.121 891.063 893.209 887.386 890.625 888.188 887.197 889.398 891.233 
#892.277 899.507 892.392 892.349 889.388 888.238 888.29 887.603 888.979 896.998 894.337 891.542 890.102 889.336 889.522 890.857 
#754.172 900.13 900.794 895.318 890.862 890.826 888.801 886.598 887.602 889.249 893.079 893.26 893.054 891.725 890.381 891.948 
#885.963 891.688 904.251 899.292 893.322 890.117 895.521 883.605 890.891 893.279 895.671 915.278 899.889 894.321 894.65 897.404 
#857.334 894.092 901.641 898.871 904.75 890.726 892.662 912.063 893.152 879.486 1014.21 1065.72 643.876 884.985 902.354 895.676 
#904.942 950.824 900.848 903.21 918.213 928.036 888.823 969.228 898.003 891.66 899.725 908.907 895.603 812.674 897.5 897.5 

# A new set of GRINCH TDC offsets applicable to GMN with trigger phase correction and alignment to hodoscope "tfinal" variable (using SBS-9 LH2 data):
bb.grinch_tdc.tdc.offset = 
    935.3577     899.1227     878.4647     900.0674     935.7077     901.4937     807.8787     894.4727     969.0247     977.7187     925.0747     904.8044     910.3661     897.7882     899.5659     1014.147 
    894.1187     862.1547     921.4067     895.5965     944.7217     897.8872     873.9436     964.2377     846.5267     933.7457     839.4149     894.3746     895.6267     896.5566     1043.997     902.1211 
    845.1402     763.2771     893.1821     844.2139     899.2573     1103.064     957.7529     899.6698     900.5201     961.2684      889.232     800.6622     899.7116     850.5636      976.458     903.0872 
    900.4175     876.9605     900.0223     905.8264     780.6535      900.688     901.6589     899.1152     901.8389     1002.705     901.8393     974.3043     901.6897     899.4869     901.8715     991.8694 
    898.1101     905.5001     902.8647     962.3362     979.1648     900.7013     902.5656     899.6416     900.8384     902.6546      901.573     903.0219     1054.075     899.8549     902.1176     902.2221 
    896.9615      903.441     900.0454     897.3834     901.7909      899.787     899.5634     895.9597       897.39     898.4766     898.0601     899.5592     898.3628     903.7836      900.376      901.722 
    898.0594     904.3662      900.565     901.0918     898.7315     786.2236     939.8475      897.724     898.0082      898.875     898.7727     899.7222     892.6712     896.8375     1037.615     901.7551 
    888.8534     898.0496     895.4229      893.555     895.3555     893.5201     895.2855     891.7473     895.1135     894.2033     894.5415     896.0581     896.1732     891.8864     897.4973     897.1815 
    893.6518     903.9307     901.8658     898.9243     902.4479     913.2689     903.3308     940.7823     973.9981     901.7277     902.7052     904.4689     903.3416     900.5797     905.4957     907.1173 
    899.5307      992.891     904.5763     902.1517     904.1203     902.2182     903.4323     900.7694     904.3413      949.761     902.1158     904.6666     904.8068     900.1154     906.5566     905.0622 
    904.4141     1014.995     905.1929     906.0693     905.0349     901.5631      905.945     901.7221     904.1611     1087.894     970.9538     905.1909     906.1238     901.9994     906.0553     907.7994 
    897.6436     909.3238     925.3047     903.9462     904.1648     904.0398     903.7416     901.2129      905.371     904.9429     901.7774     898.2302     906.0622     902.5654     907.5113     908.7506 
    899.0341     906.1971     904.8224     907.8326     902.0936     904.2536     903.6172     900.4449     902.9546     903.6401     904.2134     907.0658     928.4512     901.4296     906.2699     907.7692 
     902.613     909.6001     904.9808     903.1851     883.1476     905.1239     904.8302     901.2246     903.5483     906.2569     904.2897     905.1188     1038.474     1076.863     906.4233      907.439 
    899.6457     906.0513      901.182     898.9456     900.9856     1303.508     900.8641     897.8352     899.4155     900.2783     900.3574     901.9448     901.5977     902.3429     987.1521     904.5098 
    894.6765     900.1645     898.2825     898.7903     900.2027     900.3167       905.42     897.8534     901.0372     900.5061     899.8497     899.9578     900.5514     898.4264     1006.229     907.3218 
    893.6858     900.7955      897.696     895.8216     898.9218     896.3534     901.8692     901.7168     897.6137     895.7829      897.859     899.5301     897.4657     894.8702     889.7536     1019.539 
    911.5121      909.208     903.6576     904.6912      905.877     905.2184       905.44     904.8505     915.8189     906.1177     905.1643     906.3287     904.4473      906.016     907.2193      904.746 
    878.5661     909.3785     904.0658     901.9338     903.5009     903.5742     903.8353     906.4001     879.1086     928.1857     904.5166     905.3746     903.5049     901.7691     906.5054     907.2275 
    907.0495     899.7232     1003.455     906.5854     905.8849     903.8169     904.1036      903.871     905.8239     908.2456     900.7469     906.2101     905.8076     904.8359     907.6155     907.3948 
    901.1081      929.316     909.0797     1092.653     905.7631     904.0803     905.3419     904.9161     904.6948     908.1031     1025.876     912.6174     905.7603     907.4151      907.894     907.4567 
    894.7598     909.4182     907.9179     1186.702     939.2366     907.5431      908.225     904.9938     907.0723     906.3043     906.8298     1197.882     902.9064     905.8909     907.3707     908.8917 
    902.0686     909.9116     907.5299     913.8532     898.9178     970.4339     906.3049     904.1689     906.3306     906.2513      907.229      908.482     919.0609      1103.32      1055.61     909.4162 
    896.3147     908.3103     905.2416     902.4326     905.2879     889.6041     913.0604     905.3087     905.7378     904.5359     905.5278     905.6993     904.7029      905.099     1120.708      906.398 
    356.6797     889.9391     891.0579     888.2771     889.4479     890.1666     890.1824     892.7742      889.462     889.4956     887.5344     890.8083     889.0233     889.2097     892.5946     899.7062 
    889.8538     893.5015     891.0924     889.0022     890.7719     891.8712     893.3284     890.8074     903.4724     892.8015     892.5803     893.0963     891.8533     892.3562     894.5876     896.4212 
    890.9571      895.259     891.9893     891.7875     890.4277     892.5936     893.3577     892.2834     891.6389     893.1471     892.1622     894.2611     892.5633     891.9012      894.039     895.9692 
    892.7608     899.8378     893.5598     894.1007      892.787     892.8442     893.4864       892.13     893.1749     894.1685      893.699     894.0539     893.4217     893.4617     894.6352     895.9751 
    755.1756     896.9234     896.2819      893.966     893.5787     894.0189     893.9522     892.0938     892.4538     891.9006     895.8262     894.0241     893.2879     893.2428     894.4969     896.1509 
    891.7863     895.4869     904.4114     895.1526     893.0319     892.2202     893.2493     889.6154     895.9899     897.0703     898.5504     915.9892      898.407     894.8349     897.6029     899.8613 
    866.0889       896.77     901.3619     899.6586     908.1388     894.5348     895.6426     895.0721     892.9186      884.164     1017.599     1069.109     647.2648     891.0387     905.7428     900.3828 
    908.3308     954.2128     904.2368     906.5988     921.6018     931.4248     892.2118     972.6168     901.3918     895.0488     903.1138     912.2958     898.9918     816.0628     900.8888     900.8888 


bb.grinch_tdc.usetrigphasecorr = 1
bb.grinch_tdc.trigphaseoffset = 1
bb.grinch_tdc.trigphasemultiple = 2

# after defining individual TDC channel offsets, we set "GoodTimeCut" to zero for GRINCH TDC hits:
bb.grinch_tdc.tdc.GoodTimeCut = 0.0
# set a somewhat looser software window for GRINCH TDC hits:
bb.grinch_tdc.hit_mintime = -25.0
bb.grinch_tdc.hit_maxtime = 25.0
#bb.grinch_tdc.reftdcGoodTimeCut = 50


#grinch geometry info
bb.grinch_tdc.nrows = 61
bb.grinch_tdc.ncols =
        8 9 8 9 8 9 8 9 8 9 8 9
        8 9 8 9 8 9 8 9 8 9 8 9
        8 9 8 9 8 9 8 9 8 9 8 9
        8 9 8 9 8 9 8 9 8 9 8 9
        8 9 8 9 8 9 8 9 8 9 8 9
        2
bb.grinch_tdc.nlayers = 1

#bb.grinch2_tdc.adc.pedestal =
#  0 0 0 0 0 0 0 0 0 0 0 0 0 0 0 0
#  0 0 0 0 0 0 0 0 0 0 0 0 0 0 0 0
#  0 0 0 0 0 0 0 0 0 0 0 0 0 0 0 0
#  0 0 0 0 0 0 0 0 0 0 0 0 0 0 0 0

bb.grinch_tdc.amp_tot_coeffs = 1.



bb.grinch_tdc.xpos = 
-0.9145 -0.9145 -0.9145 -0.9145 -0.9145 -0.9145 -0.9145 -0.9145 
-0.8835 -0.8835 -0.8835 -0.8835 -0.8835 -0.8835 -0.8835 -0.8835 -0.8835 
-0.8525 -0.8525 -0.8525 -0.8525 -0.8525 -0.8525 -0.8525 -0.8525 
-0.8215 -0.8215 -0.8215 -0.8215 -0.8215 -0.8215 -0.8215 -0.8215 -0.8215 
-0.7905 -0.7905 -0.7905 -0.7905 -0.7905 -0.7905 -0.7905 -0.7905 
-0.7595 -0.7595 -0.7595 -0.7595 -0.7595 -0.7595 -0.7595 -0.7595 -0.7595 
-0.7285 -0.7285 -0.7285 -0.7285 -0.7285 -0.7285 -0.7285 -0.7285 
-0.6975 -0.6975 -0.6975 -0.6975 -0.6975 -0.6975 -0.6975 -0.6975 -0.6975 
-0.6665 -0.6665 -0.6665 -0.6665 -0.6665 -0.6665 -0.6665 -0.6665 
-0.6355 -0.6355 -0.6355 -0.6355 -0.6355 -0.6355 -0.6355 -0.6355 -0.6355 
-0.6045 -0.6045 -0.6045 -0.6045 -0.6045 -0.6045 -0.6045 -0.6045 
-0.5735 -0.5735 -0.5735 -0.5735 -0.5735 -0.5735 -0.5735 -0.5735 -0.5735 
-0.5425 -0.5425 -0.5425 -0.5425 -0.5425 -0.5425 -0.5425 -0.5425 
-0.5115 -0.5115 -0.5115 -0.5115 -0.5115 -0.5115 -0.5115 -0.5115 -0.5115 
-0.4805 -0.4805 -0.4805 -0.4805 -0.4805 -0.4805 -0.4805 -0.4805 
-0.4495 -0.4495 -0.4495 -0.4495 -0.4495 -0.4495 -0.4495 -0.4495 -0.4495 
-0.4185 -0.4185 -0.4185 -0.4185 -0.4185 -0.4185 -0.4185 -0.4185 
-0.3875 -0.3875 -0.3875 -0.3875 -0.3875 -0.3875 -0.3875 -0.3875 -0.3875 
-0.3565 -0.3565 -0.3565 -0.3565 -0.3565 -0.3565 -0.3565 -0.3565 
-0.3255 -0.3255 -0.3255 -0.3255 -0.3255 -0.3255 -0.3255 -0.3255 -0.3255 
-0.2945 -0.2945 -0.2945 -0.2945 -0.2945 -0.2945 -0.2945 -0.2945 
-0.2635 -0.2635 -0.2635 -0.2635 -0.2635 -0.2635 -0.2635 -0.2635 -0.2635 
-0.2325 -0.2325 -0.2325 -0.2325 -0.2325 -0.2325 -0.2325 -0.2325 
-0.2015 -0.2015 -0.2015 -0.2015 -0.2015 -0.2015 -0.2015 -0.2015 -0.2015 
-0.1705 -0.1705 -0.1705 -0.1705 -0.1705 -0.1705 -0.1705 -0.1705 
-0.1395 -0.1395 -0.1395 -0.1395 -0.1395 -0.1395 -0.1395 -0.1395 -0.1395 
-0.1085 -0.1085 -0.1085 -0.1085 -0.1085 -0.1085 -0.1085 -0.1085 
-0.0775 -0.0775 -0.0775 -0.0775 -0.0775 -0.0775 -0.0775 -0.0775 -0.0775 
-0.0465 -0.0465 -0.0465 -0.0465 -0.0465 -0.0465 -0.0465 -0.0465 
-0.0155 -0.0155 -0.0155 -0.0155 -0.0155 -0.0155 -0.0155 -0.0155 -0.0155 
0.0155 0.0155 0.0155 0.0155 0.0155 0.0155 0.0155 0.0155 
0.0465 0.0465 0.0465 0.0465 0.0465 0.0465 0.0465 0.0465 0.0465 
0.0775 0.0775 0.0775 0.0775 0.0775 0.0775 0.0775 0.0775 
0.1085 0.1085 0.1085 0.1085 0.1085 0.1085 0.1085 0.1085 0.1085 
0.1395 0.1395 0.1395 0.1395 0.1395 0.1395 0.1395 0.1395 
0.1705 0.1705 0.1705 0.1705 0.1705 0.1705 0.1705 0.1705 0.1705 
0.2015 0.2015 0.2015 0.2015 0.2015 0.2015 0.2015 0.2015 
0.2325 0.2325 0.2325 0.2325 0.2325 0.2325 0.2325 0.2325 0.2325 
0.2635 0.2635 0.2635 0.2635 0.2635 0.2635 0.2635 0.2635 
0.2945 0.2945 0.2945 0.2945 0.2945 0.2945 0.2945 0.2945 0.2945 
0.3255 0.3255 0.3255 0.3255 0.3255 0.3255 0.3255 0.3255 
0.3565 0.3565 0.3565 0.3565 0.3565 0.3565 0.3565 0.3565 0.3565 
0.3875 0.3875 0.3875 0.3875 0.3875 0.3875 0.3875 0.3875 
0.4185 0.4185 0.4185 0.4185 0.4185 0.4185 0.4185 0.4185 0.4185 
0.4495 0.4495 0.4495 0.4495 0.4495 0.4495 0.4495 0.4495 
0.4805 0.4805 0.4805 0.4805 0.4805 0.4805 0.4805 0.4805 0.4805 
0.5115 0.5115 0.5115 0.5115 0.5115 0.5115 0.5115 0.5115 
0.5425 0.5425 0.5425 0.5425 0.5425 0.5425 0.5425 0.5425 0.5425 
0.5735 0.5735 0.5735 0.5735 0.5735 0.5735 0.5735 0.5735 
0.6045 0.6045 0.6045 0.6045 0.6045 0.6045 0.6045 0.6045 0.6045 
0.6355 0.6355 0.6355 0.6355 0.6355 0.6355 0.6355 0.6355 
0.6665 0.6665 0.6665 0.6665 0.6665 0.6665 0.6665 0.6665 0.6665 
0.6975 0.6975 0.6975 0.6975 0.6975 0.6975 0.6975 0.6975 
0.7285 0.7285 0.7285 0.7285 0.7285 0.7285 0.7285 0.7285 0.7285 
0.7595 0.7595 0.7595 0.7595 0.7595 0.7595 0.7595 0.7595 
0.7905 0.7905 0.7905 0.7905 0.7905 0.7905 0.7905 0.7905 0.7905 
0.8215 0.8215 0.8215 0.8215 0.8215 0.8215 0.8215 0.8215 
0.8525 0.8525 0.8525 0.8525 0.8525 0.8525 0.8525 0.8525 0.8525 
0.8835 0.8835 0.8835 0.8835 0.8835 0.8835 0.8835 0.8835 
0.9145 0.9145 0.9145 0.9145 0.9145 0.9145 0.9145 0.9145 0.9145 
1.0 1.0

bb.grinch_tdc.ypos = 
0.1085 0.0775 0.0465 0.0155 -0.0155 -0.0465 -0.0775 -0.1085 
0.124 0.093 0.062 0.031 0 -0.031 -0.062 -0.093 -0.124 
0.1085 0.0775 0.0465 0.0155 -0.0155 -0.0465 -0.0775 -0.1085 
0.124 0.093 0.062 0.031 0 -0.031 -0.062 -0.093 -0.124 
0.1085 0.0775 0.0465 0.0155 -0.0155 -0.0465 -0.0775 -0.1085 
0.124 0.093 0.062 0.031 0 -0.031 -0.062 -0.093 -0.124 
0.1085 0.0775 0.0465 0.0155 -0.0155 -0.0465 -0.0775 -0.1085 
0.124 0.093 0.062 0.031 0 -0.031 -0.062 -0.093 -0.124 
0.1085 0.0775 0.0465 0.0155 -0.0155 -0.0465 -0.0775 -0.1085 
0.124 0.093 0.062 0.031 0 -0.031 -0.062 -0.093 -0.124 
0.1085 0.0775 0.0465 0.0155 -0.0155 -0.0465 -0.0775 -0.1085 
0.124 0.093 0.062 0.031 0 -0.031 -0.062 -0.093 -0.124 
0.1085 0.0775 0.0465 0.0155 -0.0155 -0.0465 -0.0775 -0.1085 
0.124 0.093 0.062 0.031 0 -0.031 -0.062 -0.093 -0.124 
0.1085 0.0775 0.0465 0.0155 -0.0155 -0.0465 -0.0775 -0.1085 
0.124 0.093 0.062 0.031 0 -0.031 -0.062 -0.093 -0.124 
0.1085 0.0775 0.0465 0.0155 -0.0155 -0.0465 -0.0775 -0.1085 
0.124 0.093 0.062 0.031 0 -0.031 -0.062 -0.093 -0.124 
0.1085 0.0775 0.0465 0.0155 -0.0155 -0.0465 -0.0775 -0.1085 
0.124 0.093 0.062 0.031 0 -0.031 -0.062 -0.093 -0.124 
0.1085 0.0775 0.0465 0.0155 -0.0155 -0.0465 -0.0775 -0.1085 
0.124 0.093 0.062 0.031 0 -0.031 -0.062 -0.093 -0.124 
0.1085 0.0775 0.0465 0.0155 -0.0155 -0.0465 -0.0775 -0.1085 
0.124 0.093 0.062 0.031 0 -0.031 -0.062 -0.093 -0.124 
0.1085 0.0775 0.0465 0.0155 -0.0155 -0.0465 -0.0775 -0.1085 
0.124 0.093 0.062 0.031 0 -0.031 -0.062 -0.093 -0.124 
0.1085 0.0775 0.0465 0.0155 -0.0155 -0.0465 -0.0775 -0.1085 
0.124 0.093 0.062 0.031 0 -0.031 -0.062 -0.093 -0.124 
0.1085 0.0775 0.0465 0.0155 -0.0155 -0.0465 -0.0775 -0.1085 
0.124 0.093 0.062 0.031 0 -0.031 -0.062 -0.093 -0.124 
0.1085 0.0775 0.0465 0.0155 -0.0155 -0.0465 -0.0775 -0.1085 
0.124 0.093 0.062 0.031 0 -0.031 -0.062 -0.093 -0.124 
0.1085 0.0775 0.0465 0.0155 -0.0155 -0.0465 -0.0775 -0.1085 
0.124 0.093 0.062 0.031 0 -0.031 -0.062 -0.093 -0.124 
0.1085 0.0775 0.0465 0.0155 -0.0155 -0.0465 -0.0775 -0.1085 
0.124 0.093 0.062 0.031 0 -0.031 -0.062 -0.093 -0.124 
0.1085 0.0775 0.0465 0.0155 -0.0155 -0.0465 -0.0775 -0.1085 
0.124 0.093 0.062 0.031 0 -0.031 -0.062 -0.093 -0.124 
0.1085 0.0775 0.0465 0.0155 -0.0155 -0.0465 -0.0775 -0.1085 
0.124 0.093 0.062 0.031 0 -0.031 -0.062 -0.093 -0.124 
0.1085 0.0775 0.0465 0.0155 -0.0155 -0.0465 -0.0775 -0.1085 
0.124 0.093 0.062 0.031 0 -0.031 -0.062 -0.093 -0.124 
0.1085 0.0775 0.0465 0.0155 -0.0155 -0.0465 -0.0775 -0.1085 
0.124 0.093 0.062 0.031 0 -0.031 -0.062 -0.093 -0.124 
0.1085 0.0775 0.0465 0.0155 -0.0155 -0.0465 -0.0775 -0.1085 
0.124 0.093 0.062 0.031 0 -0.031 -0.062 -0.093 -0.124 
0.1085 0.0775 0.0465 0.0155 -0.0155 -0.0465 -0.0775 -0.1085 
0.124 0.093 0.062 0.031 0 -0.031 -0.062 -0.093 -0.124 
0.1085 0.0775 0.0465 0.0155 -0.0155 -0.0465 -0.0775 -0.1085 
0.124 0.093 0.062 0.031 0 -0.031 -0.062 -0.093 -0.124 
0.1085 0.0775 0.0465 0.0155 -0.0155 -0.0465 -0.0775 -0.1085 
0.124 0.093 0.062 0.031 0 -0.031 -0.062 -0.093 -0.124 
0.1085 0.0775 0.0465 0.0155 -0.0155 -0.0465 -0.0775 -0.1085 
0.124 0.093 0.062 0.031 0 -0.031 -0.062 -0.093 -0.124 
0.1085 0.0775 0.0465 0.0155 -0.0155 -0.0465 -0.0775 -0.1085 
0.124 0.093 0.062 0.031 0 -0.031 -0.062 -0.093 -0.124 
0.1085 0.0775 0.0465 0.0155 -0.0155 -0.0465 -0.0775 -0.1085 
0.124 0.093 0.062 0.031 0 -0.031 -0.062 -0.093 -0.124 
0.1085 0.0775 0.0465 0.0155 -0.0155 -0.0465 -0.0775 -0.1085 
0.124 0.093 0.062 0.031 0 -0.031 -0.062 -0.093 -0.124 
1.0 -1.0

# max separation between PMTs for grouping into clusters:
bb.grinch_tdc.maxsep = 0.072 # this is twice the separation between neighboring PMTs in the matrix, to account for clusters with "holes"

bb.grinch_tdc.nmirror = 4

# commenting these out for testing new cuts based on Maria's parametrizations:

#bb.grinch_tdc.trackmatch_pslope = 0.1715
#bb.grinch_tdc.trackmatch_xslope = 0.74 0.7353 0.7515 0.7456 
#bb.grinch_tdc.trackmatch_x0 = -0.2 -0.0765 -0.0827 0.1127 
#bb.grinch_tdc.trackmatch_xsigma = 0.015 0.009 0.01 0.01 
#bb.grinch_tdc.trackmatch_yslope = 0.42 0.48 0.173 0.56 
#bb.grinch_tdc.trackmatch_y0 = -0.017 0.018 0.014 0.046 
#bb.grinch_tdc.trackmatch_ysigma = 0.022 0.015 0.022 0.023 
#bb.grinch_tdc.trackmatch_xmin = -0.8 -0.65 -0.1 0.45
#bb.grinch_tdc.trackmatch_xmax = -0.5 0.1 0.55 0.8 

# wide track-matching cut until we develop a way to deal with the mirror boundaries in the x track x GRINCH correlation 
# 4.5-sigma cut seems sufficiently loose for now:
bb.grinch_tdc.trackmatch_nsigma_cut = 5.0

bb.grinch_tdc.hit_mintime = -30
bb.grinch_tdc.hit_maxtime = 30

# start with more open definitions of these cuts for earlier kinematics that aren't yet aligned:
bb.grinch_tdc.maxtdiff_clus = 30.0 # time difference limit for adding GRINCH hits to clusters (ns)
bb.grinch_tdc.maxtdiff_ref = 100.0 # time difference limit for GRINCH hits relative to shower for consideration in good clusters (ns)
bb.grinch_tdc.usereftimediffcut = 0 # flag to enable/disable the use of shower ADC time as "reference time" for GRINCH


---------[ 2021-12-01 12:00:00 ] # 70-ns timing shift during SBS-11

#bb.grinch_tdc.tdc.GoodTimeCut = -70.0 # we'll eventually fix this by shifting all the time offsets globally for this time period
#bb.grinch_tdc.hit_mintime = -100
#bb.grinch_tdc.hit_maxtime =  -40

# shift GRINCH offsets by -74 ns relative to SBS-9 for this run period:
bb.grinch_tdc.tdc.offset =
861.4577   825.2227   804.5647   826.1674   861.8077   827.5937   733.9787   820.5727   895.1247   903.8187   851.1747   830.9044   836.4661   823.8882   825.6659   940.247
820.2187   788.2547   847.5067   821.6965   870.8217   823.9872   800.0436   890.3377   772.6267   859.8457   765.5149   820.4746   821.7267   822.6566   970.097   828.2211
771.2402   689.3771   819.2821   770.3139   825.3573   1029.164   883.8529   825.7698   826.6201   887.3684   815.332   726.7622   825.8116   776.6636   902.558   829.1872
826.5175   803.0605   826.1223   831.9264   706.7535   826.788   827.7589   825.2152   827.9389   928.805   827.9393   900.4043   827.7897   825.5869   827.9715   917.9694
824.2101   831.6001   828.9647   888.4362   905.2648   826.8013   828.6656   825.7416   826.9384   828.7546   827.673   829.1219   980.175   825.9549   828.2176   828.3221
823.0615   829.541   826.1454   823.4834   827.8909   825.887   825.6634   822.0597   823.49   824.5766   824.1601   825.6592   824.4628   829.8836   826.476   827.822
824.1594   830.4662   826.665   827.1918   824.8315   712.3236   865.9475   823.824   824.1082   824.975   824.8727   825.8222   818.7712   822.9375   963.715   827.8551
814.9534   824.1496   821.5229   819.655   821.4555   819.6201   821.3855   817.8473   821.2135   820.3033   820.6415   822.1581   822.2732   817.9864   823.5973   823.2815
819.7518   830.0307   827.9658   825.0243   828.5479   839.3689   829.4308   866.8823   900.0981   827.8277   828.8052   830.5689   829.4416   826.6797   831.5957   833.2173
825.6307   918.991   830.6763   828.2517   830.2203   828.3182   829.5323   826.8694   830.4413   875.861   828.2158   830.7666   830.9068   826.2154   832.6566   831.1622
830.5141   941.095   831.2929   832.1693   831.1349   827.6631   832.045   827.8221   830.2611   1013.994   897.0538   831.2909   832.2238   828.0994   832.1553   833.8994
823.7436   835.4238   851.4047   830.0462   830.2648   830.1398   829.8416   827.3129   831.471   831.0429   827.8774   824.3302   832.1622   828.6654   833.6113   834.8506
825.1341   832.2971   830.9224   833.9326   828.1936   830.3536   829.7172   826.5449   829.0546   829.7401   830.3134   833.1658   854.5512   827.5296   832.3699   833.8692
828.713   835.7001   831.0808   829.2851   809.2476   831.2239   830.9302   827.3246   829.6483   832.3569   830.3897   831.2188   964.574   1002.963   832.5233   833.539
825.7457   832.1513   827.282   825.0456   827.0856   1229.608   826.9641   823.9352   825.5155   826.3783   826.4574   828.0448   827.6977   828.4429   913.2521   830.6098
820.7765   826.2645   824.3825   824.8903   826.3027   826.4167   831.52   823.9534   827.1372   826.6061   825.9497   826.0578   826.6514   824.5264   932.329   833.4218
819.7858   826.8955   823.796   821.9216   825.0218   822.4534   827.9692   827.8168   823.7137   821.8829   823.959   825.6301   823.5657   820.9702   815.8536   945.639
837.6121   835.308   829.7576   830.7912   831.977   831.3184   831.54   830.9505   841.9189   832.2177   831.2643   832.4287   830.5473   832.116   833.3193   830.846
804.6661   835.4785   830.1658   828.0338   829.6009   829.6742   829.9353   832.5001   805.2086   854.2857   830.6166   831.4746   829.6049   827.8691   832.6054   833.3275
833.1495   825.8232   929.555   832.6854   831.9849   829.9169   830.2036   829.971   831.9239   834.3456   826.8469   832.3101   831.9076   830.9359   833.7155   833.4948
827.2081   855.416   835.1797   1018.753   831.8631   830.1803   831.4419   831.0161   830.7948   834.2031   951.976   838.7174   831.8603   833.5151   833.994   833.5567
820.8598   835.5182   834.0179   1112.802   865.3366   833.6431   834.325   831.0938   833.1723   832.4043   832.9298   1123.982   829.0064   831.9909   833.4707   834.9917
828.1686   836.0116   833.6299   839.9532   825.0178   896.5339   832.4049   830.2689   832.4306   832.3513   833.329   834.582   845.1609   1029.42   981.71   835.5162
822.4147   834.4103   831.3416   828.5326   831.3879   815.7041   839.1604   831.4087   831.8378   830.6359   831.6278   831.7993   830.8029   831.199   1046.808   832.498
282.7797   816.0391   817.1579   814.3771   815.5479   816.2666   816.2824   818.8742   815.562   815.5956   813.6344   816.9083   815.1233   815.3097   818.6946   825.8062
815.9538   819.6015   817.1924   815.1022   816.8719   817.9712   819.4284   816.9074   829.5724   818.9015   818.6803   819.1963   817.9533   818.4562   820.6876   822.5212
817.0571   821.359   818.0893   817.8875   816.5277   818.6936   819.4577   818.3834   817.7389   819.2471   818.2622   820.3611   818.6633   818.0012   820.139   822.0692
818.8608   825.9378   819.6598   820.2007   818.887   818.9442   819.5864   818.23   819.2749   820.2685   819.799   820.1539   819.5217   819.5617   820.7352   822.0751
681.2756   823.0234   822.3819   820.066   819.6787   820.1189   820.0522   818.1938   818.5538   818.0006   821.9262   820.1241   819.3879   819.3428   820.5969   822.2509
817.8863   821.5869   830.5114   821.2526   819.1319   818.3202   819.3493   815.7154   822.0899   823.1703   824.6504   842.0892   824.507   820.9349   823.7029   825.9613
792.1889   822.87   827.4619   825.7586   834.2388   820.6348   821.7426   821.1721   819.0186   810.264   943.699   995.209   573.3648   817.1387   831.8428   826.4828
834.4308   880.3128   830.3368   832.6988   847.7018   857.5248   818.3118   898.7168   827.4918   821.1488   829.2138   838.3958   825.0918   742.1628   826.9888   826.9888


---------[ 2021-12-14 12:00:00 ] # second timing shift during SBS-11:

bb.grinch_tdc.tdc.GoodTimeCut = 0.0
bb.grinch_tdc.hit_mintime = -30
bb.grinch_tdc.hit_maxtime = 30

# Back to using SBS-9 offsets for final QA replays:
bb.grinch_tdc.tdc.offset = 
    935.3577     899.1227     878.4647     900.0674     935.7077     901.4937     807.8787     894.4727     969.0247     977.7187     925.0747     904.8044     910.3661     897.7882     899.5659     1014.147 
    894.1187     862.1547     921.4067     895.5965     944.7217     897.8872     873.9436     964.2377     846.5267     933.7457     839.4149     894.3746     895.6267     896.5566     1043.997     902.1211 
    845.1402     763.2771     893.1821     844.2139     899.2573     1103.064     957.7529     899.6698     900.5201     961.2684      889.232     800.6622     899.7116     850.5636      976.458     903.0872 
    900.4175     876.9605     900.0223     905.8264     780.6535      900.688     901.6589     899.1152     901.8389     1002.705     901.8393     974.3043     901.6897     899.4869     901.8715     991.8694 
    898.1101     905.5001     902.8647     962.3362     979.1648     900.7013     902.5656     899.6416     900.8384     902.6546      901.573     903.0219     1054.075     899.8549     902.1176     902.2221 
    896.9615      903.441     900.0454     897.3834     901.7909      899.787     899.5634     895.9597       897.39     898.4766     898.0601     899.5592     898.3628     903.7836      900.376      901.722 
    898.0594     904.3662      900.565     901.0918     898.7315     786.2236     939.8475      897.724     898.0082      898.875     898.7727     899.7222     892.6712     896.8375     1037.615     901.7551 
    888.8534     898.0496     895.4229      893.555     895.3555     893.5201     895.2855     891.7473     895.1135     894.2033     894.5415     896.0581     896.1732     891.8864     897.4973     897.1815 
    893.6518     903.9307     901.8658     898.9243     902.4479     913.2689     903.3308     940.7823     973.9981     901.7277     902.7052     904.4689     903.3416     900.5797     905.4957     907.1173 
    899.5307      992.891     904.5763     902.1517     904.1203     902.2182     903.4323     900.7694     904.3413      949.761     902.1158     904.6666     904.8068     900.1154     906.5566     905.0622 
    904.4141     1014.995     905.1929     906.0693     905.0349     901.5631      905.945     901.7221     904.1611     1087.894     970.9538     905.1909     906.1238     901.9994     906.0553     907.7994 
    897.6436     909.3238     925.3047     903.9462     904.1648     904.0398     903.7416     901.2129      905.371     904.9429     901.7774     898.2302     906.0622     902.5654     907.5113     908.7506 
    899.0341     906.1971     904.8224     907.8326     902.0936     904.2536     903.6172     900.4449     902.9546     903.6401     904.2134     907.0658     928.4512     901.4296     906.2699     907.7692 
     902.613     909.6001     904.9808     903.1851     883.1476     905.1239     904.8302     901.2246     903.5483     906.2569     904.2897     905.1188     1038.474     1076.863     906.4233      907.439 
    899.6457     906.0513      901.182     898.9456     900.9856     1303.508     900.8641     897.8352     899.4155     900.2783     900.3574     901.9448     901.5977     902.3429     987.1521     904.5098 
    894.6765     900.1645     898.2825     898.7903     900.2027     900.3167       905.42     897.8534     901.0372     900.5061     899.8497     899.9578     900.5514     898.4264     1006.229     907.3218 
    893.6858     900.7955      897.696     895.8216     898.9218     896.3534     901.8692     901.7168     897.6137     895.7829      897.859     899.5301     897.4657     894.8702     889.7536     1019.539 
    911.5121      909.208     903.6576     904.6912      905.877     905.2184       905.44     904.8505     915.8189     906.1177     905.1643     906.3287     904.4473      906.016     907.2193      904.746 
    878.5661     909.3785     904.0658     901.9338     903.5009     903.5742     903.8353     906.4001     879.1086     928.1857     904.5166     905.3746     903.5049     901.7691     906.5054     907.2275 
    907.0495     899.7232     1003.455     906.5854     905.8849     903.8169     904.1036      903.871     905.8239     908.2456     900.7469     906.2101     905.8076     904.8359     907.6155     907.3948 
    901.1081      929.316     909.0797     1092.653     905.7631     904.0803     905.3419     904.9161     904.6948     908.1031     1025.876     912.6174     905.7603     907.4151      907.894     907.4567 
    894.7598     909.4182     907.9179     1186.702     939.2366     907.5431      908.225     904.9938     907.0723     906.3043     906.8298     1197.882     902.9064     905.8909     907.3707     908.8917 
    902.0686     909.9116     907.5299     913.8532     898.9178     970.4339     906.3049     904.1689     906.3306     906.2513      907.229      908.482     919.0609      1103.32      1055.61     909.4162 
    896.3147     908.3103     905.2416     902.4326     905.2879     889.6041     913.0604     905.3087     905.7378     904.5359     905.5278     905.6993     904.7029      905.099     1120.708      906.398 
    356.6797     889.9391     891.0579     888.2771     889.4479     890.1666     890.1824     892.7742      889.462     889.4956     887.5344     890.8083     889.0233     889.2097     892.5946     899.7062 
    889.8538     893.5015     891.0924     889.0022     890.7719     891.8712     893.3284     890.8074     903.4724     892.8015     892.5803     893.0963     891.8533     892.3562     894.5876     896.4212 
    890.9571      895.259     891.9893     891.7875     890.4277     892.5936     893.3577     892.2834     891.6389     893.1471     892.1622     894.2611     892.5633     891.9012      894.039     895.9692 
    892.7608     899.8378     893.5598     894.1007      892.787     892.8442     893.4864       892.13     893.1749     894.1685      893.699     894.0539     893.4217     893.4617     894.6352     895.9751 
    755.1756     896.9234     896.2819      893.966     893.5787     894.0189     893.9522     892.0938     892.4538     891.9006     895.8262     894.0241     893.2879     893.2428     894.4969     896.1509 
    891.7863     895.4869     904.4114     895.1526     893.0319     892.2202     893.2493     889.6154     895.9899     897.0703     898.5504     915.9892      898.407     894.8349     897.6029     899.8613 
    866.0889       896.77     901.3619     899.6586     908.1388     894.5348     895.6426     895.0721     892.9186      884.164     1017.599     1069.109     647.2648     891.0387     905.7428     900.3828 
    908.3308     954.2128     904.2368     906.5988     921.6018     931.4248     892.2118     972.6168     901.3918     895.0488     903.1138     912.2958     898.9918     816.0628     900.8888     900.8888 

--------[ 2022-01-01 00:00:00 ] # approximate start of SBS-14; might need another small shift for the early part of SBS-14 with timing shift

# the following offsets have a -7.9-ns global shift relative to SBS-9
bb.grinch_tdc.tdc.offset =
927.4537   891.2187   870.5607   892.1634   927.8037   893.5897   799.9747   886.5687   961.1207   969.8147   917.1707   896.9004   902.4621   889.8842   891.6619   1006.243
886.2147   854.2507   913.5027   887.6925   936.8177   889.9832   866.0396   956.3337   838.6227   925.8417   831.5109   886.4706   887.7227   888.6526   1036.093   894.2171
837.2362   755.3731   885.2781   836.3099   891.3533   1095.16   949.8489   891.7658   892.6161   953.3644   881.328   792.7582   891.8076   842.6596   968.554   895.1832
892.5135   869.0565   892.1183   897.9224   772.7495   892.784   893.7549   891.2112   893.9349   994.801   893.9353   966.4003   893.7857   891.5829   893.9675   983.9654
890.2061   897.5961   894.9607   954.4322   971.2608   892.7973   894.6616   891.7376   892.9344   894.7506   893.669   895.1179   1046.171   891.9509   894.2136   894.3181
889.0575   895.537   892.1414   889.4794   893.8869   891.883   891.6594   888.0557   889.486   890.5726   890.1561   891.6552   890.4588   895.8796   892.472   893.818
890.1554   896.4622   892.661   893.1878   890.8275   778.3196   931.9435   889.82   890.1042   890.971   890.8687   891.8182   884.7672   888.9335   1029.711   893.8511
880.9494   890.1456   887.5189   885.651   887.4515   885.6161   887.3815   883.8433   887.2095   886.2993   886.6375   888.1541   888.2692   883.9824   889.5933   889.2775
885.7478   896.0267   893.9618   891.0203   894.5439   905.3649   895.4268   932.8783   966.0941   893.8237   894.8012   896.5649   895.4376   892.6757   897.5917   899.2133
891.6267   984.987   896.6723   894.2477   896.2163   894.3142   895.5283   892.8654   896.4373   941.857   894.2118   896.7626   896.9028   892.2114   898.6526   897.1582
896.5101   1007.091   897.2889   898.1653   897.1309   893.6591   898.041   893.8181   896.2571   1079.99   963.0498   897.2869   898.2198   894.0954   898.1513   899.8954
889.7396   901.4198   917.4007   896.0422   896.2608   896.1358   895.8376   893.3089   897.467   897.0389   893.8734   890.3262   898.1582   894.6614   899.6073   900.8466
891.1301   898.2931   896.9184   899.9286   894.1896   896.3496   895.7132   892.5409   895.0506   895.7361   896.3094   899.1618   920.5472   893.5256   898.3659   899.8652
894.709   901.6961   897.0768   895.2811   875.2436   897.2199   896.9262   893.3206   895.6443   898.3529   896.3857   897.2148   1030.57   1068.959   898.5193   899.535
891.7417   898.1473   893.278   891.0416   893.0816   1295.604   892.9601   889.9312   891.5115   892.3743   892.4534   894.0408   893.6937   894.4389   979.2481   896.6058
886.7725   892.2605   890.3785   890.8863   892.2987   892.4127   897.516   889.9494   893.1332   892.6021   891.9457   892.0538   892.6474   890.5224   998.325   899.4178
885.7818   892.8915   889.792   887.9176   891.0178   888.4494   893.9652   893.8128   889.7097   887.8789   889.955   891.6261   889.5617   886.9662   881.8496   1011.635
903.6081   901.304   895.7536   896.7872   897.973   897.3144   897.536   896.9465   907.9149   898.2137   897.2603   898.4247   896.5433   898.112   899.3153   896.842
870.6621   901.4745   896.1618   894.0298   895.5969   895.6702   895.9313   898.4961   871.2046   920.2817   896.6126   897.4706   895.6009   893.8651   898.6014   899.3235
899.1455   891.8192   995.551   898.6814   897.9809   895.9129   896.1996   895.967   897.9199   900.3416   892.8429   898.3061   897.9036   896.9319   899.7115   899.4908
893.2041   921.412   901.1757   1084.749   897.8591   896.1763   897.4379   897.0121   896.7908   900.1991   1017.972   904.7134   897.8563   899.5111   899.99   899.5527
886.8558   901.5142   900.0139   1178.798   931.3326   899.6391   900.321   897.0898   899.1683   898.4003   898.9258   1189.978   895.0024   897.9869   899.4667   900.9877
894.1646   902.0076   899.6259   905.9492   891.0138   962.5299   898.4009   896.2649   898.4266   898.3473   899.325   900.578   911.1569   1095.416   1047.706   901.5122
888.4107   900.4063   897.3376   894.5286   897.3839   881.7001   905.1564   897.4047   897.8338   896.6319   897.6238   897.7953   896.7989   897.195   1112.804   898.494
348.7757   882.0351   883.1539   880.3731   881.5439   882.2626   882.2784   884.8702   881.558   881.5916   879.6304   882.9043   881.1193   881.3057   884.6906   891.8022
881.9498   885.5975   883.1884   881.0982   882.8679   883.9672   885.4244   882.9034   895.5684   884.8975   884.6763   885.1923   883.9493   884.4522   886.6836   888.5172
883.0531   887.355   884.0853   883.8835   882.5237   884.6896   885.4537   884.3794   883.7349   885.2431   884.2582   886.3571   884.6593   883.9972   886.135   888.0652
884.8568   891.9338   885.6558   886.1967   884.883   884.9402   885.5824   884.226   885.2709   886.2645   885.795   886.1499   885.5177   885.5577   886.7312   888.0711
747.2716   889.0194   888.3779   886.062   885.6747   886.1149   886.0482   884.1898   884.5498   883.9966   887.9222   886.1201   885.3839   885.3388   886.5929   888.2469
883.8823   887.5829   896.5074   887.2486   885.1279   884.3162   885.3453   881.7114   888.0859   889.1663   890.6464   908.0852   890.503   886.9309   889.6989   891.9573
858.1849   888.866   893.4579   891.7546   900.2348   886.6308   887.7386   887.1681   885.0146   876.26   1009.695   1061.205   639.3608   883.1347   897.8388   892.4788
900.4268   946.3088   896.3328   898.6948   913.6978   923.5208   884.3078   964.7128   893.4878   887.1448   895.2098   904.3918   891.0878   808.1588   892.9848   892.9848


--------[ 2022-01-21 00:00:00 ] # approximate start of GMN SBS-8:

# start with more open definitions of these cuts for earlier kinematics that aren't yet aligned:
bb.grinch_tdc.maxtdiff_clus = 12.0 # time difference limit for adding GRINCH hits to clusters (ns)
bb.grinch_tdc.maxtdiff_ref = 10.0 # time difference limit for GRINCH hits relative to shower for consideration in good clusters (ns)
bb.grinch_tdc.usereftimediffcut = 1 # flag to enable/disable the use of shower ADC time as "reference time" for GRINCH

# the following offsets were determined from SBS-8 LH2 and LD2 data (average -1.7-ns shift in GRINCH-hodo alignment relative to SBS-9
bb.grinch_tdc.tdc.offset = 
    933.7179     897.4829     876.8249     903.1109     934.0679     906.4859     806.2389     892.8329     967.3849     976.0789     923.4349     913.7079     914.6659     902.1949     909.3269     1017.036 
    897.0079     865.0439     924.2959     896.4859     947.6109     901.5419     861.8969     967.1269     849.4159     936.6349     840.8239     889.7999     901.4609     915.5749     1047.556     895.0779 
    845.8559     763.8079     893.7129     848.7998     910.9114     1101.648     955.6574     905.7915     916.5463     962.7709     888.3969     801.0409      903.363     849.5451     968.8247     907.7971 
    898.7993     872.8259     901.4983     902.1975     780.7724     898.8631     900.0185     897.4315     899.9447     999.6994     899.8561     972.4295     900.1273     897.4043     900.0074     1011.595 
    896.3708     903.5739     900.7633     963.3585      977.119     898.9243     900.6131     897.7654      898.909     900.6413     899.7716     901.1425     1051.655      898.624     900.3837     900.2708 
     895.148     901.4716     898.3159     895.4616     898.9686     893.3322     897.7665     894.1273     895.4298     896.6034     896.2164     897.8931     896.4397      903.137     898.4664     899.9057 
    896.1027     902.2695     898.4933     899.1001     897.0048     797.7247     937.6793     895.8025     895.8612      896.927      896.826      897.686     889.9925     895.0719      1037.67     900.0015 
    887.1018     896.2045     893.5811     891.6897     893.6806     891.7389     893.3207     890.5443     893.4954     892.5101      892.911      894.401      894.523     890.2966      895.651     896.4464 
    892.2429     902.3722     900.1691     897.2598     900.5012     911.4835     901.4912     941.8123     975.1782     900.2188     901.0592     902.6611     901.6498     898.8009     903.8078     905.2071 
    907.3072     1010.938      902.984     900.3309     902.4367      900.474     901.8488     899.1492     903.0641     949.8683     900.4563     902.8377     903.0531     898.3551     904.7154     903.3352 
    902.9631     999.6475      903.587     904.2872     903.2642     899.9583     904.0819     900.1881     902.5612     1088.208      972.241     903.2964     904.2468     900.2316     904.1942     906.0172 
    895.9798     907.6122     926.3509     902.9241     902.3292     902.2113      901.996     899.5762     903.7111     903.1147     900.9144     897.0602     904.2229     900.7821     905.7181     906.9873 
     897.424     904.4422     902.9933      907.331     900.6042     902.3846     901.8904     898.8223     901.1693     901.9342      902.374     889.8836     920.9298     899.6664     904.4036     905.9223 
    900.8481     907.9349     903.4004     901.5593     882.6213     903.3697     903.0948     899.3092     901.6696     904.1916     902.7248      903.459     1037.852     1076.883     904.5344     905.4411 
    897.8539     904.1971       899.35     897.1756     899.3713     1303.751     899.0667     896.0924      897.506     898.2939      898.428     900.1938     899.6492     902.4541     986.6453     902.8584 
    893.0184     898.5146     896.5685     897.0631     898.5248     898.3292     906.2995     896.3248     899.3889      898.571     898.0944     898.3461     898.9659     896.7256     1006.232     905.9988 
    892.1831     899.1026     895.9832     894.0403     897.1141     894.6548     898.2271     893.5584     896.0767     894.3117     896.1629     897.8815     895.7821     892.6009     890.2237      1023.01 
    911.6569     907.7648     902.0912     903.1263     904.3754     903.5695     904.0126     905.0544     915.3148      904.482      903.501     904.6381     902.7025     904.4306      905.723     910.8992 
    885.3196      922.347     902.5477     900.2166     901.8808     901.8177      902.043     916.8204     901.0023     939.2158     902.9651     903.6418     901.8848     900.1551     904.8474     905.8626 
     906.621     899.5846     1004.669       904.97     904.1274     902.0731     902.3758     902.1891     922.8383     917.9139     907.1634      904.735     904.0526     903.0925     905.8295     905.7264 
    900.9596     929.3085     907.4707     1093.997     904.0266     902.2255     903.6786     903.2584     903.0601     906.4021     1025.957     911.1968     904.0525     905.5122     906.0559     905.6469 
    893.0898     907.5997     904.1579     1184.896      938.012     905.6453      906.448     903.2597     905.2635     904.4035     905.4331     1222.511     907.8298     904.0504     905.5682     907.0361 
    900.1297     908.0305     905.4219     913.1806     900.3197     970.6067     904.4177     902.2798     904.3517     904.3382     905.3166     906.6112     919.1533     1103.831     1054.966     907.3806 
    894.1963     906.4203      903.304     900.6548       899.68     880.7041     911.9781     903.4465     903.6845      902.583     903.6488     903.7929     902.6277     903.1149     1118.335     903.9739 
    356.3283     888.1123     889.2134     886.4419      887.624     888.5976     888.6457     890.2834     887.7288     887.7412     885.8142     888.9543      887.289     887.4816     891.0045     897.4581 
    888.1014       891.76      889.432     887.2933     889.0674     890.1128     891.6025     889.0255      890.841     891.0958     890.9185     891.2874      890.001     890.5598     892.7581     894.4983 
    891.4751     893.3383     890.2547     890.0778     888.6666     890.7741     891.5623     890.6181     890.2125      891.273     890.3444     892.3673     890.7663      890.004     892.1878     894.0746 
    891.4992     900.5219     891.7924     892.3433      890.935     890.9549     891.5362     890.3571     891.5247      893.087     891.9652     892.3571     891.5979     891.6152     892.8272     894.4172 
    755.0024     894.4813     892.2757     892.3724     891.5857     892.1023     891.8537     890.2251     890.7005     890.6978     891.7201     891.8077     891.4987     891.4238     892.6396     894.2673 
    889.9563     893.8168     891.3335     890.0271     891.2635     890.8115     891.8242     887.9634     894.0961     894.9268     894.1963     896.1331       895.13     893.0801     895.8658     898.0644 
    888.1426      894.992     891.2561     895.2318     895.1114       891.73      891.928     888.5109     890.4405      892.126     1017.636      1069.58     649.1254     888.6074     901.8786      896.052 
    900.5109     950.4305     901.0266     900.9896      915.369     907.9203     898.4305     968.5082     900.4489     897.1699      901.626      906.796     897.7126     814.7836     899.6096     899.6096 

--------[ 2022-02-01 00:00:00 ] # approximate start of GMN SBS-9:

# back to SBS-9 offsets (roughly 1.7-ns average shift in GRINCH-hodo alignment):
# A new set of GRINCH TDC offsets applicable to GMN with trigger phase correction and alignment to hodoscope "tfinal" variable (using SBS-9 LH2 data):
bb.grinch_tdc.tdc.offset = 
    935.3577     899.1227     878.4647     900.0674     935.7077     901.4937     807.8787     894.4727     969.0247     977.7187     925.0747     904.8044     910.3661     897.7882     899.5659     1014.147 
    894.1187     862.1547     921.4067     895.5965     944.7217     897.8872     873.9436     964.2377     846.5267     933.7457     839.4149     894.3746     895.6267     896.5566     1043.997     902.1211 
    845.1402     763.2771     893.1821     844.2139     899.2573     1103.064     957.7529     899.6698     900.5201     961.2684      889.232     800.6622     899.7116     850.5636      976.458     903.0872 
    900.4175     876.9605     900.0223     905.8264     780.6535      900.688     901.6589     899.1152     901.8389     1002.705     901.8393     974.3043     901.6897     899.4869     901.8715     991.8694 
    898.1101     905.5001     902.8647     962.3362     979.1648     900.7013     902.5656     899.6416     900.8384     902.6546      901.573     903.0219     1054.075     899.8549     902.1176     902.2221 
    896.9615      903.441     900.0454     897.3834     901.7909      899.787     899.5634     895.9597       897.39     898.4766     898.0601     899.5592     898.3628     903.7836      900.376      901.722 
    898.0594     904.3662      900.565     901.0918     898.7315     786.2236     939.8475      897.724     898.0082      898.875     898.7727     899.7222     892.6712     896.8375     1037.615     901.7551 
    888.8534     898.0496     895.4229      893.555     895.3555     893.5201     895.2855     891.7473     895.1135     894.2033     894.5415     896.0581     896.1732     891.8864     897.4973     897.1815 
    893.6518     903.9307     901.8658     898.9243     902.4479     913.2689     903.3308     940.7823     973.9981     901.7277     902.7052     904.4689     903.3416     900.5797     905.4957     907.1173 
    899.5307      992.891     904.5763     902.1517     904.1203     902.2182     903.4323     900.7694     904.3413      949.761     902.1158     904.6666     904.8068     900.1154     906.5566     905.0622 
    904.4141     1014.995     905.1929     906.0693     905.0349     901.5631      905.945     901.7221     904.1611     1087.894     970.9538     905.1909     906.1238     901.9994     906.0553     907.7994 
    897.6436     909.3238     925.3047     903.9462     904.1648     904.0398     903.7416     901.2129      905.371     904.9429     901.7774     898.2302     906.0622     902.5654     907.5113     908.7506 
    899.0341     906.1971     904.8224     907.8326     902.0936     904.2536     903.6172     900.4449     902.9546     903.6401     904.2134     907.0658     928.4512     901.4296     906.2699     907.7692 
     902.613     909.6001     904.9808     903.1851     883.1476     905.1239     904.8302     901.2246     903.5483     906.2569     904.2897     905.1188     1038.474     1076.863     906.4233      907.439 
    899.6457     906.0513      901.182     898.9456     900.9856     1303.508     900.8641     897.8352     899.4155     900.2783     900.3574     901.9448     901.5977     902.3429     987.1521     904.5098 
    894.6765     900.1645     898.2825     898.7903     900.2027     900.3167       905.42     897.8534     901.0372     900.5061     899.8497     899.9578     900.5514     898.4264     1006.229     907.3218 
    893.6858     900.7955      897.696     895.8216     898.9218     896.3534     901.8692     901.7168     897.6137     895.7829      897.859     899.5301     897.4657     894.8702     889.7536     1019.539 
    911.5121      909.208     903.6576     904.6912      905.877     905.2184       905.44     904.8505     915.8189     906.1177     905.1643     906.3287     904.4473      906.016     907.2193      904.746 
    878.5661     909.3785     904.0658     901.9338     903.5009     903.5742     903.8353     906.4001     879.1086     928.1857     904.5166     905.3746     903.5049     901.7691     906.5054     907.2275 
    907.0495     899.7232     1003.455     906.5854     905.8849     903.8169     904.1036      903.871     905.8239     908.2456     900.7469     906.2101     905.8076     904.8359     907.6155     907.3948 
    901.1081      929.316     909.0797     1092.653     905.7631     904.0803     905.3419     904.9161     904.6948     908.1031     1025.876     912.6174     905.7603     907.4151      907.894     907.4567 
    894.7598     909.4182     907.9179     1186.702     939.2366     907.5431      908.225     904.9938     907.0723     906.3043     906.8298     1197.882     902.9064     905.8909     907.3707     908.8917 
    902.0686     909.9116     907.5299     913.8532     898.9178     970.4339     906.3049     904.1689     906.3306     906.2513      907.229      908.482     919.0609      1103.32      1055.61     909.4162 
    896.3147     908.3103     905.2416     902.4326     905.2879     889.6041     913.0604     905.3087     905.7378     904.5359     905.5278     905.6993     904.7029      905.099     1120.708      906.398 
    356.6797     889.9391     891.0579     888.2771     889.4479     890.1666     890.1824     892.7742      889.462     889.4956     887.5344     890.8083     889.0233     889.2097     892.5946     899.7062 
    889.8538     893.5015     891.0924     889.0022     890.7719     891.8712     893.3284     890.8074     903.4724     892.8015     892.5803     893.0963     891.8533     892.3562     894.5876     896.4212 
    890.9571      895.259     891.9893     891.7875     890.4277     892.5936     893.3577     892.2834     891.6389     893.1471     892.1622     894.2611     892.5633     891.9012      894.039     895.9692 
    892.7608     899.8378     893.5598     894.1007      892.787     892.8442     893.4864       892.13     893.1749     894.1685      893.699     894.0539     893.4217     893.4617     894.6352     895.9751 
    755.1756     896.9234     896.2819      893.966     893.5787     894.0189     893.9522     892.0938     892.4538     891.9006     895.8262     894.0241     893.2879     893.2428     894.4969     896.1509 
    891.7863     895.4869     904.4114     895.1526     893.0319     892.2202     893.2493     889.6154     895.9899     897.0703     898.5504     915.9892      898.407     894.8349     897.6029     899.8613 
    866.0889       896.77     901.3619     899.6586     908.1388     894.5348     895.6426     895.0721     892.9186      884.164     1017.599     1069.109     647.2648     891.0387     905.7428     900.3828 
    908.3308     954.2128     904.2368     906.5988     921.6018     931.4248     892.2118     972.6168     901.3918     895.0488     903.1138     912.2958     898.9918     816.0628     900.8888     900.8888 

--------[ 2022-04-01 00:00:00 ]

# back to defaults starting after GMN so as not to step on any toes:
bb.grinch_tdc.maxtdiff_clus = 30.0 # time difference limit for adding GRINCH hits to clusters (ns)
bb.grinch_tdc.maxtdiff_ref = 30.0 # time difference limit for GRINCH hits relative to shower for consideration in good clusters (ns)
bb.grinch_tdc.usereftimediffcut = 0 # flag to enable/disable the use of shower ADC time as "reference time" for GRINCH

bb.grinch_tdc.tdc.offset = 0.0
bb.grinch_tdc.tdc.GoodTimeCut = 900

bb.grinch_tdc.trackmatch_nsigma_cut = 4.0

--------[ 2022-10-10 00:00:00 ] # GEN-2: good GRINCH times are clustered near 70 ns 

bb.grinch_tdc.tdc.offset = 
80.18 69.30 68.73 66.00 68.75 70.52 69.16 68.61 68.78 80.43 
67.51 68.92 69.27 69.76 72.26 80.55 60.81 48.11 71.52 66.57 
67.84 69.19 68.46 68.08 49.17 85.04 68.94 72.53 67.13 68.29 
68.51 71.25 70.20 60.11 100.85 74.67 66.80 68.76 69.26 69.06 
67.89 66.69 71.00 91.87 68.88 66.76 68.47 70.85 67.15 76.95 
74.85 56.71 70.56 70.88 71.09 68.84 71.60 73.30 68.79 74.79 
72.76 90.01 70.91 73.40 69.04 76.64 74.29 75.66 85.60 71.44 
72.72 69.64 71.35 73.97 72.88 71.76 79.24 71.28 72.84 73.00 
67.72 74.24 71.68 69.52 69.64 69.84 71.04 66.44 68.16 69.96 
69.64 71.92 70.20 70.04 71.88 73.28 68.64 75.16 72.92 72.28 
69.92 72.07 70.96 69.40 70.84 71.68 72.34 72.64 71.80 70.44 
70.02 75.29 61.88 71.00 68.84 67.08 68.52 67.68 70.00 61.32 
69.36 68.56 68.80 70.08 71.28 66.98 72.31 70.96 69.75 79.29 
76.44 73.49 77.13 75.40 78.81 67.76 91.76 77.07 77.13 79.00 
78.27 76.28 81.10 82.75 70.12 82.22 79.28 76.04 78.52 77.32 
79.16 76.76 77.61 71.00 77.68 79.79 79.92 76.44 82.40 82.23 
80.39 66.52 79.72 79.60 78.46 76.64 80.81 76.69 78.57 78.90 
78.50 78.47 78.52 75.00 79.56 81.45 71.36 82.15 81.63 77.80 
76.56 76.40 77.60 75.68 78.96 77.56 80.28 81.69 79.85 74.85 
80.49 82.92 74.61 81.38 80.91 81.46 76.09 77.97 76.81 75.33 
77.08 78.52 79.80 79.66 70.59 74.84 78.33 80.37 78.13 85.04 
81.97 75.18 70.24 79.94 78.93 74.58 77.60 81.16 79.50 81.04 
77.48 78.90 80.67 80.95 73.20 79.56 75.64 73.44 74.39 70.49 
75.29 71.52 72.64 72.11 73.00 75.12 75.00 72.40 67.38 78.12 
68.20 73.60 71.76 72.20 73.36 73.19 68.61 71.76 75.16 74.36 
74.09 74.28 74.80 72.97 79.37 71.00 81.08 87.84 85.04 83.84 
86.60 84.16 70.76 94.10 85.12 84.00 85.40 87.44 86.36 82.43 
80.64 70.12 78.16 82.96 77.64 78.60 80.21 79.76 78.85 78.04 
78.57 79.60 78.33 79.88 78.24 80.12 78.07 50.63 69.40 84.29 
77.93 75.18 77.04 77.16 77.20 72.83 71.63 78.68 76.56 77.56 
75.60 73.80 78.84 79.56 76.91 79.97 69.84 79.80 77.52 76.21 
76.72 72.83 98.80 73.47 95.83 78.70 77.77 77.32 79.64 80.48 
75.76 71.22 68.88 83.99 77.63 75.16 77.72 77.08 60.33 79.56 
80.55 62.67 75.97 77.60 78.04 78.24 62.60 80.70 75.16 51.51 
70.09 76.80 78.02 74.80 77.04 76.76 75.69 82.76 87.57 74.08 
75.68 78.16 71.92 80.00 79.89 72.40 69.82 78.00 74.83 73.28 
75.20 75.44 75.76 77.59 76.12 70.05 79.17 77.76 65.36 77.56 
74.36 71.60 76.54 75.97 78.74 74.40 75.08 74.08 75.24 76.08 
75.08 76.64 79.80 75.25 56.63 59.76 57.71 54.20 59.48 61.23 
61.16 60.22 60.85 59.86 59.81 60.87 59.76 58.44 63.49 61.19 
57.64 62.36 62.69 63.87 62.44 62.92 67.01 71.19 61.68 62.64 
60.44 63.96 63.28 65.55 67.20 72.33 62.42 66.19 62.20 61.95 
60.60 63.24 63.91 63.33 63.96 64.52 62.41 63.72 62.36 61.40 
64.12 67.02 64.74 69.30 64.80 64.12 63.48 62.92 63.76 62.48 
64.31 67.14 64.30 63.84 62.84 62.56 64.19 66.44 58.96 67.22 
66.16 65.86 63.24 63.64 63.60 61.76 63.60 63.90 67.14 61.82 
62.80 63.00 64.15 66.00 62.44 66.07 75.01 60.15 62.60 62.04 
62.84 58.60 65.44 66.91 67.04 67.46 66.56 62.24 66.44 68.80 
61.39 68.01 65.19 61.05 65.80 63.29 64.64 60.67 61.89 62.08 
63.16 67.70 71.00 61.97 67.36 66.57 53.69 54.62 56.05 58.27 
67.58 59.71 58.93 54.79 59.30 62.00 60.40 63.23 62.88 64.52
0 0
bb.grinch_tdc.tdc.GoodTimeCut = 0.0

bb.grinch_tdc.hit_mintime = -20.0
bb.grinch_tdc.hit_maxtime = 20.0

--------[ 2022-10-19 00:00:00 ] # GEN-2: good GRINCH times are clustered near 150 ns after Carlos adjusted. Set these now closer to 205ns

bb.grinch_tdc.tdc.offset =
203.23 205.00 195.32 175.00 178.60 205.13 192.91 196.48 205.21 205.13 
228.47 208.00 205.89 205.00 212.42 198.49 200.82 195.45 205.00 205.22 
205.00 190.51 211.05 195.03 176.54 189.68 233.02 205.00 198.02 204.48 
203.76 223.87 218.26 201.99 200.35 176.54 198.16 196.43 196.05 201.70 
205.00 207.64 205.00 205.75 195.24 195.00 199.75 199.06 196.60 205.00 
198.13 205.33 207.56 199.31 198.92 196.16 199.68 197.32 203.35 197.60 
180.51 196.38 199.55 200.12 196.16 202.06 202.48 199.25 206.37 200.13 
200.77 198.15 199.60 201.76 201.48 202.36 206.30 198.48 201.68 201.12 
195.92 202.12 198.72 196.60 202.40 204.60 198.85 193.73 196.15 197.12 
197.66 199.20 197.88 205.00 200.61 200.84 196.98 203.02 200.67 200.00 
197.36 197.40 202.58 197.11 199.00 199.28 199.99 200.43 198.80 198.08 
198.55 204.56 190.06 199.52 197.05 194.30 195.46 194.70 205.00 191.39 
197.39 196.52 197.08 198.12 198.08 194.16 199.74 208.19 198.84 207.44 
205.16 201.08 205.48 202.80 205.44 210.89 196.10 204.72 205.84 207.52 
206.24 203.16 208.48 210.24 200.98 209.34 207.04 204.40 205.96 204.80 
206.71 204.48 198.24 205.00 205.40 207.28 207.80 204.20 209.08 209.24 
209.14 202.86 206.34 207.28 206.28 203.04 207.72 203.48 205.87 199.97 
207.04 205.60 206.25 201.68 205.72 209.00 198.36 205.00 208.89 205.56 
203.10 204.48 205.00 203.00 206.32 204.20 204.32 199.78 206.40 201.92 
207.48 209.60 201.72 208.48 204.28 205.00 202.91 204.72 204.44 202.95 
204.80 206.12 205.92 211.52 206.85 201.20 205.92 208.43 205.72 211.97 
208.52 209.18 203.12 206.51 205.84 202.40 204.64 208.20 206.96 208.07 
205.42 204.99 207.28 206.84 200.07 207.60 202.40 200.96 204.88 207.35 
202.00 198.25 199.80 200.36 200.12 202.68 202.24 219.01 197.52 205.20 
195.45 200.20 198.85 199.12 201.84 206.91 204.38 198.20 202.64 201.68 
201.16 201.40 202.44 204.92 206.81 205.40 207.84 216.00 212.46 211.56 
213.92 210.00 203.62 199.13 211.05 211.24 212.73 215.36 213.73 209.61 
211.41 194.67 216.63 209.80 204.84 206.36 207.80 206.60 204.96 234.27 
206.95 206.84 206.08 206.68 205.68 206.92 209.79 175.51 219.53 203.07 
204.60 202.44 205.16 204.84 205.84 198.46 202.82 199.71 205.54 205.64 
204.00 201.80 207.96 210.38 209.95 196.51 212.96 206.68 206.64 204.68 
205.40 206.00 189.35 212.37 210.50 207.80 206.00 205.56 208.04 208.52 
204.28 212.51 194.99 197.37 205.28 204.08 206.39 205.36 205.20 205.03 
208.91 230.20 204.96 205.88 207.12 206.87 192.12 205.00 205.06 183.61 
220.05 205.40 206.12 203.32 205.36 204.76 220.45 216.29 226.50 175.01 
204.20 206.76 200.36 208.52 207.44 205.00 219.19 210.54 203.96 201.32 
203.28 203.40 204.76 210.24 205.00 229.01 205.38 206.20 194.41 205.56 
202.84 201.39 223.68 199.35 205.00 202.80 203.04 202.50 203.08 204.68 
203.02 212.58 195.49 204.88 184.88 189.56 185.96 183.00 187.41 185.00 
188.28 204.64 206.13 188.35 188.75 188.76 187.35 185.31 191.69 200.79 
185.12 190.00 190.00 190.00 191.24 191.40 209.04 214.26 190.44 190.08 
188.95 191.80 191.91 193.20 194.40 198.10 234.92 193.11 189.97 190.12 
188.76 190.80 192.88 192.20 190.00 190.24 191.11 192.18 191.24 190.64 
192.56 195.00 195.24 206.89 194.92 191.15 190.72 191.64 190.92 190.79 
192.15 199.00 194.31 192.42 191.97 191.48 192.72 194.88 185.81 205.00 
216.72 191.81 191.24 192.80 191.90 190.17 191.36 191.56 178.40 203.09 
189.58 195.11 192.48 195.13 189.81 195.20 214.47 201.94 190.17 190.40 
192.15 187.47 190.00 190.00 190.68 211.52 190.82 192.22 195.50 197.31 
189.32 195.80 185.65 203.10 205.00 192.52 195.00 191.01 191.56 193.43 
192.57 215.01 199.46 206.00 177.23 196.96 190.51 205.00 211.74 196.84 
210.75 219.68 209.59 203.76 208.46 207.47 207.86 213.29 209.00 205.00
0 0
bb.grinch_tdc.tdc.GoodTimeCut = 0.0

bb.grinch_tdc.hit_mintime = -20.0
bb.grinch_tdc.hit_maxtime = 20.0

-------[ 2022-11-10 00:00:00 ] # GEN-3: good GRINCH times shifted to about 200 ns

bb.grinch_tdc.tdc.offset = 
204.94 204.16 202.66 200.06 198.85 203.19 225.01 201.83 219.45 201.11 
199.76 199.11 198.37 196.70 196.40 205.95 201.52 191.59 202.65 194.02 
185.25 192.53 195.40 216.56 194.42 201.78 197.88 204.06 193.39 192.38 
195.04 198.35 195.66 202.74 204.60 198.26 224.09 193.82 197.67 195.69 
191.95 212.78 201.71 219.16 194.38 194.03 196.22 198.10 193.58 195.87 
201.81 199.31 198.41 197.92 198.15 196.39 199.55 199.09 198.24 206.82 
197.52 195.76 199.95 202.75 197.86 203.23 200.90 198.64 204.56 198.08 
199.50 197.67 198.14 200.51 200.15 199.02 205.64 197.74 199.95 200.76 
195.39 201.52 198.07 195.87 193.24 201.42 199.96 193.59 195.66 197.28 
195.68 198.35 196.96 202.09 198.99 202.37 196.24 203.11 199.63 199.19 
196.44 196.62 177.88 195.52 197.88 199.20 198.79 199.64 198.56 195.64 
205.09 202.16 189.03 197.84 196.03 193.67 194.55 192.43 196.75 196.63 
196.31 195.51 195.67 196.71 197.47 192.76 197.08 203.72 196.36 205.60 
204.01 200.15 203.37 200.05 203.36 203.21 205.00 203.61 203.84 205.52 
204.39 201.62 206.12 206.49 203.18 182.83 204.45 202.63 204.72 203.20 
196.00 202.52 204.34 208.89 203.53 205.48 206.20 201.04 207.24 206.68 
206.41 233.80 205.80 205.56 204.20 201.80 206.08 201.81 203.96 204.10 
176.89 203.16 204.48 200.32 204.08 206.44 196.76 206.66 209.18 203.52 
202.14 202.20 203.24 200.40 203.04 202.16 203.39 209.39 204.77 199.44 
206.72 208.72 200.56 206.08 204.58 204.48 201.10 202.88 202.52 201.88 
203.28 204.74 205.12 232.96 204.49 199.36 203.49 206.44 204.20 211.77 
208.00 216.61 206.02 227.94 203.48 200.52 203.16 206.57 205.72 205.94 
187.13 230.09 204.88 205.74 198.12 205.40 200.92 199.43 210.89 204.82 
200.26 196.88 197.92 197.96 198.16 200.48 201.98 214.23 207.53 202.52 
193.10 199.01 197.20 198.27 199.88 194.50 203.98 197.17 201.28 199.52 
199.17 199.50 200.36 177.95 204.46 209.89 207.08 213.24 210.40 209.32 
211.64 209.68 212.13 213.78 210.93 208.36 211.12 213.58 211.28 209.83 
190.79 214.45 207.84 208.96 202.84 204.16 205.12 205.24 177.25 205.00 
205.25 205.60 204.03 205.99 205.67 206.20 204.48 207.71 203.16 212.30 
204.12 201.39 206.00 203.08 203.52 202.81 202.44 208.30 204.12 205.48 
202.52 202.76 205.72 206.96 204.82 211.17 211.38 209.48 204.72 203.45 
203.52 204.60 207.53 205.25 234.01 206.20 206.04 204.36 209.81 207.66 
203.24 210.39 216.90 211.67 203.72 202.87 205.48 204.36 203.96 209.21 
206.20 210.00 203.07 204.77 205.40 205.96 194.66 202.56 204.67 211.33 
208.89 204.04 204.80 202.64 204.32 203.96 189.86 206.31 208.01 203.79 
203.64 205.20 199.08 206.44 206.53 204.34 207.84 225.27 203.20 200.40 
201.60 202.00 203.32 221.10 203.34 210.71 230.17 205.28 191.72 204.08 
200.51 198.80 208.04 183.81 203.27 200.68 201.88 201.52 202.00 202.88 
202.20 202.67 209.01 203.48 184.36 187.21 185.08 181.40 186.28 187.44 
187.48 186.56 189.89 187.57 187.64 188.36 186.80 184.76 190.00 175.46 
184.57 189.19 190.36 190.51 189.80 189.68 191.93 196.43 188.96 189.04 
187.92 190.56 190.87 192.32 192.05 195.56 192.15 194.00 189.28 188.44 
187.97 189.56 190.60 190.80 190.59 192.56 190.87 191.20 189.64 188.84 
191.04 193.47 192.96 201.59 192.52 191.56 189.76 189.96 190.60 189.72 
191.12 192.34 191.12 190.88 189.96 189.68 190.92 192.99 185.25 193.48 
191.61 190.84 190.12 189.80 189.72 188.72 189.28 187.70 193.97 190.44 
188.47 188.76 189.04 191.83 187.56 190.59 183.69 189.43 188.88 187.80 
187.56 182.29 187.37 188.22 189.12 194.13 193.72 191.07 192.03 192.79 
183.13 189.09 185.71 188.74 194.92 192.32 192.12 185.56 185.07 184.37 
183.35 191.30 193.91 189.45 199.69 193.48 159.42 182.14 182.89 186.04 
203.26 187.96 185.15 184.92 186.92 187.02 187.90 231.94 205.06 205.00
0 0
bb.grinch_tdc.tdc.GoodTimeCut = 0.0
bb.grinch_tdc.hit_mintime = -20.0
bb.grinch_tdc.hit_maxtime = 20.0

-------[ 2023-01-11 00:00:00 ] # GEN-4A: About 205ns

bb.grinch_tdc.tdc.offset =
200.29 205.00 210.25 205.00 200.79 205.00 189.34 188.80 203.46 210.12 
206.05 203.68 200.31 198.83 207.33 205.00 188.18 223.31 201.00 199.77 
199.28 228.30 204.20 205.00 225.93 204.10 210.44 197.12 204.24 205.00 
205.00 205.00 191.14 205.53 206.59 205.00 200.98 197.82 193.23 205.00 
194.99 204.02 204.07 205.00 197.04 233.11 196.36 191.76 222.11 205.00 
193.67 198.07 194.84 195.03 195.51 190.33 190.30 205.00 189.38 199.03 
194.98 192.71 195.20 195.52 188.08 194.82 191.89 200.89 205.00 194.75 
196.99 194.39 192.34 192.85 192.25 191.99 205.00 196.08 197.43 197.26 
190.32 195.27 191.53 188.49 203.92 204.96 195.84 192.25 193.50 192.67 
191.96 191.68 190.57 205.00 196.83 198.51 194.79 200.57 195.99 194.64 
190.76 192.84 201.16 194.72 196.35 197.47 196.72 196.24 194.86 191.96 
204.35 201.28 187.72 196.59 194.07 191.25 191.86 189.87 223.88 192.25 
195.26 193.87 194.47 195.65 194.61 189.23 194.67 216.69 195.56 204.60 
201.74 198.30 200.65 199.22 199.31 196.87 203.38 202.80 202.23 203.48 
202.15 199.18 202.87 203.50 202.61 207.88 204.36 201.23 202.63 200.03 
201.38 199.07 204.80 205.67 201.48 204.52 203.80 199.44 204.40 203.12 
202.25 211.00 204.20 204.28 203.56 199.76 203.56 198.91 201.07 200.86 
204.31 202.24 203.60 199.35 202.82 204.52 194.03 205.00 211.30 202.96 
200.44 201.72 201.95 200.19 201.95 200.73 202.53 219.30 203.76 198.96 
205.62 207.01 198.75 204.04 203.56 204.40 200.16 201.64 202.46 200.36 
202.26 203.63 203.96 205.07 206.84 198.04 203.05 205.68 201.91 208.72 
205.76 204.28 206.45 203.60 202.68 199.28 201.88 205.12 203.28 204.72 
205.35 203.94 204.48 204.88 196.72 204.04 198.72 196.28 198.49 203.39 
199.25 195.36 196.53 197.00 196.83 198.19 197.32 198.89 206.80 201.59 
192.88 197.36 195.76 195.34 197.20 198.00 203.56 195.77 199.44 198.48 
197.51 198.04 198.87 194.89 210.69 208.05 205.32 211.84 209.76 208.13 
209.64 207.88 206.75 208.21 209.52 207.76 210.00 211.84 210.24 206.46 
204.64 205.64 207.85 208.16 202.51 203.32 204.00 207.27 206.02 201.70 
207.12 203.76 203.21 204.72 202.92 204.56 206.82 209.08 204.48 206.81 
202.88 199.91 201.96 201.47 201.68 203.73 199.79 211.17 202.12 202.72 
201.95 199.31 204.20 205.61 206.23 192.64 213.19 205.16 203.76 201.56 
203.12 203.15 199.11 210.88 208.32 204.56 204.00 203.61 206.95 206.40 
202.05 210.32 232.37 188.60 203.36 202.12 204.00 204.64 203.36 206.31 
205.95 211.71 201.37 204.52 205.40 204.28 189.59 207.89 214.84 203.45 
211.04 202.44 204.08 202.15 203.31 202.28 209.20 211.86 210.63 200.34 
202.08 203.80 198.63 206.00 202.87 205.16 205.03 204.29 201.87 199.60 
201.32 200.96 201.59 206.15 205.18 204.88 205.32 204.48 191.19 203.72 
199.82 197.75 204.48 204.56 202.56 199.43 200.87 200.38 200.59 202.14 
200.36 201.31 208.81 199.11 182.44 184.09 183.73 179.52 183.89 184.40 
182.32 215.33 186.60 184.29 185.24 185.40 183.84 182.20 187.52 197.19 
181.92 187.40 188.92 188.83 187.32 187.48 192.79 196.17 185.64 187.20 
186.44 189.48 188.12 189.79 187.89 197.09 187.51 191.47 187.12 186.12 
184.96 186.16 187.16 186.85 228.02 188.76 187.68 189.16 186.28 185.28 
187.36 189.36 188.32 195.41 190.15 190.28 187.92 186.32 186.72 185.08 
187.29 188.79 189.43 189.31 188.16 185.92 187.64 189.19 205.00 191.11 
217.98 189.92 187.96 188.12 187.00 184.96 186.00 204.32 205.00 205.00 
187.32 186.68 187.44 189.19 184.96 188.60 205.00 204.44 205.00 219.60 
205.00 182.78 189.54 189.37 205.00 203.92 196.17 189.89 205.00 205.00 
205.00 189.64 185.54 194.29 205.30 190.14 190.88 221.49 221.64 205.00 
210.12 213.78 188.88 185.12 218.16 199.87 205.00 202.47 178.82 203.80 
205.66 183.17 215.22 205.00 206.20 208.75 214.00 193.18 207.83 225.68 
0 0

bb.grinch_tdc.tdc.GoodTimeCut = 0.0
bb.grinch_tdc.hit_mintime = -25.0 
bb.grinch_tdc.hit_maxtime = 25.0

-------[ 2023-09-16 00:00:00 ] # ~190ns offset GEN-4B: open up the cuts and find the good hits:

bb.grinch_tdc.tdc.offset = 
194.7 196 195.84 181.03 206.94 192.21 196.8 195.53 196 196
193.66 195.08 190.35 202.93 198.11 195.71 185.9 194.56 201.66 174.94
186.85 196.05 197.45 182.45 196 195.6 195.38 195.68 195.16 203.03
190.82 184.86 196.07 192.1 194.17 193.94 191.25 196 190.79 183.75
186.29 193.39 194.08 196.8 204.47 187.53 187.38 207.13 181.89 190.17
194.23 190.33 192.31 191.38 206.31 186.35 186.91 188.82 188.91 204.48
191.67 188.87 191.23 191.56 185.03 191.99 189.9 186.73 196.18 191.73
192.79 190.96 188.96 189.87 190.49 189.73 198.51 192.81 193.44 193.76
187.36 192.11 188.23 185.07 174.48 192.81 192.23 188.22 189.56 188.03
187.67 188.28 186.9 209.03 193.67 195.2 191.18 196.84 190.2 190.51
187.37 201.59 197.36 190.86 192.15 198.85 191.84 191.23 189.53 188.34
199.56 196 183.71 193.63 190.27 187.04 186.87 184.76 222.94 192.19
191.43 190.6 191.09 191.16 189.74 184.76 190.03 197.61 192.35 200.4
197.18 193.51 195.68 196.34 194.56 192.75 198.59 198.41 198.48 199.14
197.72 194.95 197.12 173.03 196.05 204.02 200.12 196.64 199.24 196.32
196.64 194.96 205.19 198.26 198.15 199.51 199.72 194.84 200.76 199.1
176.56 207.78 200.02 200 199.4 195.82 199.28 194.44 196.5 194.01
187.47 198.12 199.63 196.4 199.32 199.5 190.42 185.23 204.74 199.9
196.68 197.75 198 195.72 197.64 196.6 216.34 200.37 201.16 195.82
202.28 203.64 194.14 200.58 199.82 201.27 196.78 197.51 197.99 197.04
198 199.93 200 196.57 195.62 195.08 198.48 201.28 198.52 205.28
202.56 200.58 204.67 201.13 198.03 194.84 197.96 201.02 199.88 216.36
204.2 206.81 200.32 200.6 193.63 199.77 194.34 193.16 195.04 197.59
196.44 191.64 192.22 192.71 193.59 194.24 194.16 195.92 200.7 197.94
188.92 193.88 191.98 192.07 193.52 226 203.57 219.48 195.8 195.08
194.11 194.6 194.76 192.69 196.98 203.79 202.71 208.3 205.48 204.35
206.67 204.07 224.22 205.2 206.26 204.56 205.75 207.99 205.83 203.68
201.82 205.14 201.38 205 198.12 199.99 200.2 199.92 199.85 199.85
203.73 189.03 199.44 200.96 198.24 200.68 201.42 205.81 200.65 207.12
199 195.76 197.85 197.35 197.74 208.2 195.21 206.18 197.01 199
197.43 196.08 201 201.1 197.15 203.4 204.9 200.12 200.04 197.92
199.14 189.68 187.99 190.66 212.06 201.85 200.05 199.93 202.68 203.2
204.08 174.39 199.02 206.42 199.27 198.4 200.56 199.52 199.64 200.43
198.73 206.81 198.03 199.9 201.17 200.85 184.37 203.15 203.03 200.13
209.74 199.16 200.16 198.8 199.64 198.72 199.07 200.42 203.83 197.84
198.89 199.79 194.24 201.36 199.23 197.33 206.44 204.27 199.81 195.48
196.28 196.4 197.72 208.31 185.69 207.19 201.17 200.92 187.24 198.29
195.2 193.23 205.39 195.16 223.59 196.29 196.88 196.34 196.9 196.52
194.76 184.59 194.88 215.58 178.96 179.88 179.08 176.32 179.6 180.76
177.66 179.49 183.37 181.43 180.35 181.48 179.76 178.32 182.59 196.9
177.12 182.11 184.33 184.62 182.61 181.07 182.75 191.48 180 181.08
181.84 184.97 183.83 184.32 178.2 195.84 188.34 187.18 182.27 181.68
179.28 181.48 181.64 182.51 183.07 185.2 183.19 184.89 181.08 180.28
181.36 185.23 185.07 189.24 185.92 185.27 182.92 181.36 181.24 180.08
182.82 185.1 185.55 184.91 183.67 181.88 182.32 184.15 177.28 184.33
188.97 183.93 183.27 182.72 182.08 179.4 180.47 180.51 195.8 183.57
181.44 181.23 183.56 184.56 179.63 183.76 184.05 195.64 179.88 181.54
170.18 178.61 185.27 184.78 184.68 193.88 189.93 185.61 186.38 189.06
179.21 185.39 181.5 182.46 225.65 186.16 195.2 182.42 169.98 180.43
179.75 189.02 187.76 185.09 194.71 196 187.56 214.14 175.73 180.59
201.93 180.2 219.02 195.84 191.08 182.89 176.27 183.81 190.54 196
0 0
bb.grinch_tdc.tdc.GoodTimeCut = 0.0
bb.grinch_tdc.hit_mintime = -25.0 
bb.grinch_tdc.hit_maxtime = 25.0