bb.hodotdc.timewalk0map = 
      -0.276024       -0.266583       -0.271431       -0.254447       -0.253884       -0.229186        -0.25134       -0.259915       -0.252923 
      -0.226092        -0.22348       -0.241084       -0.275652       -0.281817       -0.248061       -0.261952        -0.25867       -0.249036 
      -0.236097       -0.275623       -0.268417        -0.25894       -0.260467       -0.254366       -0.270479       -0.262383       -0.266282 
      -0.266422       -0.262317       -0.284297       -0.267313       -0.271817       -0.257347        -0.26384       -0.256817        -0.30774 
      -0.285549       -0.287957       -0.265709       -0.321605       -0.261306       -0.278167       -0.307849       -0.277242       -0.263296 
      -0.293136       -0.278453        -0.27298       -0.285765       -0.275479        -0.30624       -0.291436       -0.285367       -0.287972 
      -0.281005       -0.286754       -0.279739       -0.286673       -0.279306       -0.287919       -0.320897       -0.288657       -0.263749 
      -0.275083       -0.270433       -0.234053       -0.260907       -0.283062        -0.26064       -0.268598       -0.241205       -0.266495 
       -0.26269       -0.263635       -0.231537       -0.247268       -0.282608       -0.248371       -0.232555       -0.276024       -0.276024 
      -0.276024       -0.276024       -0.276024       -0.276024       -0.276024       -0.276024       -0.276024       -0.276024       -0.276024 
      -0.197917       -0.181934       -0.190157       -0.171933       -0.186029       -0.182029       -0.181218       -0.176155       -0.203151 
      -0.208729       -0.213947       -0.170125       -0.214218       -0.204369       -0.196564       -0.204613       -0.206639       -0.162312 
      -0.200952       -0.214203       -0.201731       -0.199827       -0.204046       -0.217307       -0.205684       -0.228784       -0.200657 
      -0.186553         -0.1934       -0.192582       -0.194185       -0.173485       -0.193133        -0.20146       -0.201163       -0.239618 
      -0.227669       -0.198693       -0.190631       -0.199643       -0.217311       -0.211216        -0.21382       -0.182047       -0.202512 
      -0.224941       -0.190031       -0.177476       -0.210624       -0.177416       -0.182807       -0.214109       -0.184786       -0.187273 
      -0.209327       -0.203677       -0.198961       -0.196967       -0.202563       -0.186805       -0.204869       -0.207791        -0.19854 
       -0.16441       -0.191582       -0.155539         -0.1785       -0.188593       -0.168917        -0.17816       -0.164075       -0.168758 
      -0.193164       -0.190992       -0.193434        -0.17349       -0.219325       -0.177384       -0.200061       -0.197917       -0.197917 
      -0.197917       -0.197917       -0.197917       -0.197917       -0.197917       -0.197917       -0.197917       -0.197917       -0.197917 

bb.hodotdc.timewalk1map = 
              0               0               0               0               0               0               0               0               0 
              0               0               0               0               0               0               0               0               0 
              0               0               0               0               0               0               0               0               0 
              0               0               0               0               0               0               0               0               0 
              0               0               0               0               0               0               0               0               0 
              0               0               0               0               0               0               0               0               0 
              0               0               0               0               0               0               0               0               0 
              0               0               0               0               0               0               0               0               0 
              0               0               0               0               0               0               0               0               0 
              0               0               0               0               0               0               0               0               0 
              0               0               0               0               0               0               0               0               0 
              0               0               0               0               0               0               0               0               0 
              0               0               0               0               0               0               0               0               0 
              0               0               0               0               0               0               0               0               0 
              0               0               0               0               0               0               0               0               0 
              0               0               0               0               0               0               0               0               0 
              0               0               0               0               0               0               0               0               0 
              0               0               0               0               0               0               0               0               0 
              0               0               0               0               0               0               0               0               0 
              0               0               0               0               0               0               0               0               0 

bb.hodotdc.vscint = 
       0.140141        0.125258        0.141462        0.181908        0.141704        0.143978        0.155588        0.152687        0.150899 
       0.145752        0.135086        0.138465        0.138294        0.136401        0.144396        0.140921         0.14145         0.14069 
       0.140197        0.143309        0.142802        0.141562        0.149418        0.143362        0.141995        0.145075        0.142152 
       0.144238         0.14627        0.145664        0.142063         0.14435         0.14034         0.13555        0.140649        0.133764 
       0.138758        0.137444        0.138909        0.137923        0.143479        0.143897        0.142388        0.141166        0.142618 
       0.143628        0.138385        0.138153        0.137401        0.136767        0.133853        0.137366        0.136084         0.13416 
       0.138862        0.133855        0.136456        0.142315        0.142728        0.138362        0.131853        0.141603         0.13929 
        0.13631        0.142213        0.139565        0.139511        0.141668        0.150003        0.141712        0.142451        0.134046 
       0.146337        0.141625        0.139634        0.137596        0.129159        0.131686        0.129983        0.140141        0.140141 
       0.140141        0.140141        0.140141        0.140141        0.140141        0.140141        0.140141        0.140141        0.140141 

bb.hodotdc.meantime_offset = 
         3.9109         3.84796         4.39396         3.94371         4.33379         3.03766         3.42614         3.47645         3.27276 
        3.34001         1.80773         2.09495          2.8992         1.64504         1.58079         1.65439         1.83828         1.72034 
        1.56622         1.39781         1.36691        0.880734         1.60271         1.90515          2.1522         2.30589         2.46995 
        2.14792         1.94383         2.55071         1.69222          1.6634        0.585225       -0.534735      0.00367327       0.0289739 
       0.488994       -0.552223      -0.0610492        0.712107         0.31365        0.220668      -0.0825193        0.201321        0.413691 
       0.338391       -0.114195        0.292097        0.761704       -0.492888       -0.237605       -0.404048       -0.990743       -0.512085 
       0.255059       -0.390625        -0.20673       -0.836062        -1.22953        -1.13231       -0.299396        0.323299       0.0372145 
       0.851106        0.632354       0.0837607        0.874259         0.91779        0.837931         1.67897         1.43284         2.08118 
        2.85756         3.85772         2.53794         2.67493         2.57008         1.95869         1.20294         1.73977         2.04276 
        3.46746         3.30558         4.17349         4.21347          4.3282          3.9109          3.9109          3.9109          3.9109 

bb.hodotdc.rf_offset = 
        1.29643         1.29643         1.29643         1.14939         1.22328         1.05925         1.18362         1.29714         1.29067 
        1.36579         1.34197         1.52181         1.56943         1.84522         1.93608         2.11732         2.06889         2.06694 
        2.02096          1.9996         1.98508         2.11082         2.15183          2.2202         2.27638         2.33241         2.33506 
        2.45334         2.53766         2.52771         2.60138          2.6484         2.54172         2.59576         2.55486         2.57076 
        2.65975         2.71389         2.79675         2.81327         2.86938         2.86287         2.85351         2.85332         2.88994 
        3.00354         3.05768         3.11021         3.06942         3.00163         2.96313         2.97577         2.99343          3.0241 
        3.01114         3.02873         3.07803         3.11387         3.22956         3.26485         3.27875         3.35142          3.4089 
        3.48713         3.45658         3.40354         3.28813         3.25494         3.23107         3.21947         3.21577         3.28598 
        3.29994         3.33738         3.31651         3.37056         3.42604         3.34004         3.49535         3.49535         3.49535 
        3.49535         3.49535         3.49535         3.49535         3.49535         3.49535         3.49535         3.49535         3.49535 

bb.hodotdc.tdiffoffset = 
              0               0               0               0               0               0               0               0               0 
              0               0               0               0               0               0               0               0               0 
              0               0               0               0               0               0               0               0               0 
              0               0               0               0               0               0               0               0               0 
              0               0               0               0               0               0               0               0               0 
              0               0               0               0               0               0               0               0               0 
              0               0               0               0               0               0               0               0               0 
              0               0               0               0               0               0               0               0               0 
              0               0               0               0               0               0               0               0               0 
              0               0               0               0               0               0               0               0               0 
