#Mon Mar 10 17:47:07 2025
# Copy file into sbs-onl@sbsvtp#:~/cfg/pedestals for online pedestal subtraction
# format = crate, slot, mpd, adc_ch, CM min, CM max
          58          11           0           0         341         473
          58          11           0           1         299         458
          58          11           0           2         442         573
          58          11           0           3         451         584
          58          11           0           4         453         592
          58          11           0           5         403         540
          58          11           0           6         479         610
          58          11           0           7         423         572
          58          11           0           8         375         473
          58          11           0           9         440         559
          58          11           0          10         434         555
          58          11           0          11         458         582
          58          11           0          12         378         464
          58          11           0          13         439         535
          58          11           0          14         485         583
          58          11           1           0         489         606
          58          11           1           1         365         465
          58          11           1           2         479         596
          58          11           1           4         813         939
          58          11           1           5         923        1051
          58          11           1           6         844         967
          58          11           1           7         861         993
          58          11           1           8         476         594
          58          11           1           9         348         455
          58          11           1          10         449         542
          58          11           1          11         361         452
          58          11           1          12         559         639
          58          11           1          13         471         565
          58          11           1          14         252         322
          58          11           2           3         374         460
          58          11           2           2         414         508
          58          11           2           1         495         607
          58          11           2           0         370         492
          58          11           2           7         270         393
          58          11           2           6         327         476
          58          11           2           5         425         590
          58          11           2           4         466         597
          58          11           2          14         498         627
          58          11           2          13         445         578
          58          11           2          12         388         507
          58          11           2          11         496         604
          58          11           2          10         517         615
          58          11           2           9         528         642
          58          11           2           8         451         561
          58          11           3           3         513         644
          58          11           3           2         474         598
          58          11           3           1         485         617
          58          11           3           0         430         561
          58          11           3           7         476         610
          58          11           3           6         429         554
          58          11           3           5         403         548
          58          11           3           4         425         546
          58          11           3          13         416         496
          58          11           3          12         353         482
          58          11           3          11         461         574
          58          11           3          10         427         531
          58          11           3           9         434         536
          58          11           3           8         537         623
          58          11           4           0         302         463
          58          11           4           1         267         430
          58          11           4           2         405         572
          58          11           4           3         472         627
          58          11           4           4         561         714
          58          11           4           5         320         486
          58          11           4           6         314         469
          58          11           4           7         445         602
          58          11           4           8         497         621
          58          11           4           9         393         538
          58          11           4          10         488         615
          58          11           4          11         419         603
          58          11           4          12         264         428
          58          11           4          13         394         557
          58          11           4          14         348         565
          58          11           5           0         475         631
          58          11           5           1         557         711
          58          11           5           2         571         735
          58          11           5           4         354         485
          58          11           5           5         442         556
          58          11           5           6         481         590
          58          11           5           7         483         600
          58          11           5           8         455         561
          58          11           5           9         407         521
          58          11           5          10         449         548
          58          11           5          11         499         598
          58          11           5          12         501         583
          58          11           5          13         464         534
          58          11           5          14         436         518
          58          11           6           3         518         586
          58          11           6           2         441         532
          58          11           6           1         519         651
          58          11           6           0         462         621
          58          11           6           7         451         601
          58          11           6           6         314         481
          58          11           6           5         381         549
          58          11           6           4         498         636
          58          11           6          14         414         535
          58          11           6          13         429         551
          58          11           6          12         400         533
          58          11           6          11         403         525
          58          11           6          10         446         557
          58          11           6           9         483         634
          58          11           6           8         499         633
          58          11           7           3         442         625
          58          11           7           2         400         544
          58          11           7           1         428         580
          58          11           7           0         428         568
          58          11           7           7         444         610
          58          11           7           6         434         588
          58          11           7           5         464         668
          58          11           7           4         408         608
          58          11           7          13         323         388
          58          11           7          12         257         376
          58          11           7          11         521         642
          58          11           7          10         409         515
          58          11           7           9         384         502
          58          11           7           8         576         673
          58          11           8           0         467         547
          58          11           8           1         474         632
          58          11           8           2         535         629
          58          11           8           3         508         640
          58          11           8           4         429         526
          58          11           8           5         210         329
          58          11           8           6         537         638
          58          11           8           7         448         542
          58          11           8           8         409         525
          58          11           8           9         481         605
          58          11           8          10         476         583
          58          11           8          11         504         592
          58          11           8          12         401         523
          58          11           8          13         362         485
          58          11           8          14         492         664
          58          11           9           0         290         380
          58          11           9           1         419         534
          58          11           9           2         499         575
          58          11           9           3         321         400
          58          11           9           4         288         413
          58          11           9           5         347         452
          58          11           9           6         467         553
          58          11           9           7         454         547
          58          11           9           8         432         522
          58          11           9           9         535         630
          58          11           9          10         279         359
          58          11           9          11         369         449
          58          11           9          12         309         460
          58          11           9          13         398         525
          58          11           9          14         431         535
          58          11          10           0         395         482
          58          11          10           1         560         655
          58          11          10           2         444         534
          58          11          10           3         380         443
          58          11          10           4         504         625
          58          11          10           5         434         564
          58          11          10           6         429         542
          58          11          10           7         462         572
          58          11          10           8         482         598
          58          11          10           9         343         448
          58          11          10          10         419         528
          58          11          10          11         517         624
          58          11          10          12         446         552
          58          11          10          13         385         474
          58          11          10          14         495         580
          58          11          11           0         284         378
          58          11          11           1         427         538
          58          11          11           2         283         373
          58          11          11           3         442         539
          58          11          11           4         238         347
          58          11          11           5         505         619
          58          11          11           6         303         402
          58          11          11           7         476         568
          58          11          11           8         453         543
          58          11          11           9         383         475
          58          11          11          10         474         563
          58          11          11          11         307         396
          58          11          11          12         484         576
          58          11          11          13         472         560
          58          11          11          14         430         540
          20          11           0           0         452         509
          20          11           0           1         473         559
          20          11           0           2         440         506
          20          11           0           3         489         571
          20          11           0           4         525         622
          20          11           0           5         507         602
          20          11           0           6         429         503
          20          11           0           7         368         453
          20          11           0           8         318         400
          20          11           0           9         450         556
          20          11           0          10         550         641
          20          11           0          11         362         447
          20          11           0          12         507         604
          20          11           0          13         384         475
          20          11           0          14         413         523
          20          11           1           0         463         563
          20          11           1           1         452         551
          20          11           1           2         410         495
          20          11           1           3         466         560
          20          11           1           4         376         466
          20          11           1           5         481         581
          20          11           1           6         496         579
          20          11           1           7         315         417
          20          11           1           8         424         515
          20          11           1           9         237         314
          20          11           1          10         331         401
          20          11           1          11         227         316
          20          11           1          12         410         530
          20          11           1          13         455         566
          20          11           1          14         432         572
          20          11           2           0         510         582
          20          11           2           1         500         580
          20          11           2           2         552         612
          20          11           2           3         475         534
          20          11           2           4         519         597
          20          11           2           5         470         549
          20          11           2           6         486         556
          20          11           2           7         467         540
          20          11           2           8         517         602
          20          11           2           9         540         630
          20          11           2          10         490         571
          20          11           2          11         465         550
          20          11           2          12         408         508
          20          11           2          13         449         549
          20          11           2          14         449         544
          20          11           3           0         445         532
          20          11           3           1         464         557
          20          11           3           2         485         570
          20          11           3           3         473         546
          20          11           3           4         423         517
          20          11           3           5         282         364
          20          11           3           6         466         544
          20          11           3           7         471         564
          20          11           3           8         413         531
          20          11           3           9         458         561
          20          11           3          10         427         502
          20          11           3          11         415         505
          20          11           3          12         513         635
          20          11           3          13         408         521
          20          11           3          14         425         550
          20          11           4           0         390         463
          20          11           4           1         403         487
          20          11           4           2         469         557
          20          11           4           3         453         535
          20          11           4           4         584         673
          20          11           4           5         529         620
          20          11           4           6         467         565
          20          11           4           7         538         649
          20          11           4           8         374         504
          20          11           4           9         565         691
          20          11           4          10         395         515
          20          11           4          11         524         648
          20          11           4          12         516         650
          20          11           4          13         514         659
          20          11           4          14         472         642
          20          11           5           0         429         580
          20          11           5           1         254         419
          20          11           5           2         458         592
          20          11           5           3         650         727
          20          11           5           4         417         559
          20          11           5           5         462         620
          20          11           5           6         511         636
          20          11           5           7         461         589
          20          11           5           8         422         566
          20          11           5           9         456         568
          20          11           5          10         514         604
          20          11           5          11         470         547
          20          11           5          12         519         693
          20          11           5          13         548         697
          20          11           5          14         313         452
          20          11           6           0         514         593
          20          11           6           1         440         523
          20          11           6           2         559         628
          20          11           6           3         537         612
          20          11           6           4         405         511
          20          11           6           5         429         549
          20          11           6           6         455         559
          20          11           6           7         566         650
          20          11           6           8         480         549
          20          11           6           9         388         534
          20          11           6          10         486         602
          20          11           6          11         478         591
          20          11           6          12         512         658
          20          11           6          13         422         533
          20          11           6          14         454         574
          20          11           8           0         323         460
          20          11           8           1         437         581
          20          11           8           2         428         592
          20          11           8           3         501         645
          20          11           8           4         337         464
          20          11           8           5         440         590
          20          11           8           6         434         571
          20          11           8           7         487         627
          20          11           8           8         469         540
          20          11           8           9         482         576
          20          11           8          10         431         543
          20          11           8          11         566         701
          20          11           8          12         387         547
          20          11           8          13         387         548
          20          11           8          14         439         599
          20          11           9           0         494         590
          20          11           9           1         552         663
          20          11           9           2         327         429
          20          11           9           3         330         475
          20          11           9           4         526         689
          20          11           9           5         400         675
          20          11           9           6         263         463
          20          11           9           7        1054        1183
          20          11           9           8         443         592
          20          11           9           9         549         677
          20          11           9          10         482         620
          20          11           9          11         522         629
          20          11           9          12         362         506
          20          11           9          13         356         506
          20          11           9          14         377         532
          20          11          10           0         360         480
          20          11          10           1         376         492
          20          11          10           2         493         595
          20          11          10           3         303         395
          20          11          10           4         247         368
          20          11          10           5         455         574
          20          11          10           6         383         491
          20          11          10           7         449         544
          20          11          10           8         552         658
          20          11          10           9         440         559
          20          11          10          10         409         510
          20          11          10          11         430         527
          20          11          10          12         370         492
          20          11          10          13         495         601
          20          11          10          14         432         527
          20          11          11           0         499         575
          20          11          11           1         370         448
          20          11          11           2         422         503
          20          11          11           3         360         425
          20          11          11           4         498         608
          20          11          11           5         376         469
          20          11          11           6         456         548
          20          11          11           7         490         588
          20          11          11           8         488         597
          20          11          11           9         532         639
          20          11          11          10         417         511
          20          11          11          11         513         603
          20          11          11          12         436         576
          20          11          11          13         426         562
          20          11          11          14         512         647
          25          11           0           0         464         568
          25          11           0           1         411         535
          25          11           0           2         458         557
          25          11           0           3         428         543
          25          11           0           4         599         701
          25          11           0           5         522         636
          25          11           0           6         614         717
          25          11           0           7         611         720
          25          11           0           8         587         666
          25          11           0           9         408         502
          25          11           0          10         589         678
          25          11           0          11         530         629
          25          11           0          12         391         502
          25          11           0          13         364         494
          25          11           0          14         373         520
          25          11           1           0         531         644
          25          11           1           1         565         661
          25          11           1           2         534         636
          25          11           1           3         558         647
          25          11           1           4         525         613
          25          11           1           5         482         575
          25          11           1           6         542         658
          25          11           1           7         608         698
          25          11           1           8         556         638
          25          11           1           9         600         693
          25          11           1          10         549         640
          25          11           1          11         451         546
          25          11           5          10         534         640
          25          11           5          11         490         623
          25          11           5          12         529         625
          25          11           5          13         535         634
          25          11           5          14         510         609
          25          11           6           0         536         649
          25          11           6           1         519         661
          25          11           6           2         504         600
          25          11           6           3         496         591
          25          11           6           4         469         565
          25          11           2           0         404         522
          25          11           2           1         606         696
          25          11           2           2         429         533
          25          11           2           3         405         492
          25          11           2           4         531         622
          25          11           2           5         558         649
          25          11           2           6         599         697
          25          11           2           7         559         650
          25          11           2           8         514         598
          25          11           2           9         542         626
          25          11           2          10         516         607
          25          11           2          11           0           0
          25          11           5           5         495         605
          25          11           5           6         500         588
          25          11           5           7         372         456
          25          11           5           8         507         600
          25          11           5           9         360         446
          25          11           6           5         385         480
          25          11           6           6         318         411
          25          11           6           7         446         540
          25          11           6           8         312         394
          25          11           6           9         517         605
          25          11           3           0         558         681
          25          11           3           1         549         634
          25          11           3           2         366         466
          25          11           3           3         473         559
          25          11           3           4         546         637
          25          11           3           5         555         646
          25          11           3           6         565         674
          25          11           3           7         443         530
          25          11           3           8         617         698
          25          11           3           9         727         812
          25          11           3          10         418         502
          25          11           3          11         632         746
          25          11           5           0         391         502
          25          11           5           1         418         526
          25          11           5           2         510         607
          25          11           5           3         454         551
          25          11           5           4         485         586
          25          11           6          10         473         568
          25          11           6          11         312         401
          25          11           6          12         277         363
          25          11           6          13         493         588
          25          11           6          14         502         601
          25          11           4           0         453         564
          25          11           4           1         424         510
          25          11           4           2         349         447
          25          11           4           3         365         459
          25          11           4           4         384         472
          25          11           4           5         457         551
          25          11           4           6         596         700
          25          11           4           7         541         628
          25          11           4           8         521         609
          25          11           4           9         530         614
          25          11           4          10         618         703
          25          11           4          11         549         657
          25          11           7           0         577         681
          25          11           7           1         698         802
          25          11           7           2         544         678
          25          11           7           3         646         750
          25          11           7           4         648         744
          25          11           7           8         472         564
          25          11           7           9         415         500
          25          11           7          10         404         500
          25          11           7          11         444         544
          25          11           7          12         464         563
          24          11           0           0         377         484
          24          11           0           1         500         590
          24          11           0           2         369         474
          24          11           0           3         496         586
          24          11           0           4         649         741
          24          11           0           5         424         521
          24          11           0           6         598         709
          24          11           0           7         347         434
          24          11           0           8         411         497
          24          11           0           9         399         484
          24          11           0          10         600         682
          24          11           0          11         592         695
          24          11           4          10         396         498
          24          11           4          11         415         511
          24          11           4          12         398         488
          24          11           4          13         369         460
          24          11           4          14         305         395
          24          11           5           0         521         627
          24          11           5           1         510         612
          24          11           5           2         507         617
          24          11           5           3         480         576
          24          11           5           4         362         465
          24          11           1           0         418         515
          24          11           1           1         728         815
          24          11           1           2         588         675
          24          11           1           3         661         754
          24          11           1           4         518         603
          24          11           1           5         489         573
          24          11           1           6         557         662
          24          11           1           7         569         655
          24          11           1           8         546         630
          24          11           1           9         570         655
          24          11           1          10         665         750
          24          11           1          11         388         475
          24          11           4           5         327         423
          24          11           4           6         334         433
          24          11           4           7         566         667
          24          11           4           8         439         531
          24          11           4           9         439         538
          24          11           5           5         463         564
          24          11           5           6         540         628
          24          11           5           7         540         633
          24          11           5           8         378         464
          24          11           5           9         377         464
          24          11           2           0         399         522
          24          11           2           1         524         607
          24          11           2           2         577         674
          24          11           2           3         417         510
          24          11           2           4         530         625
          24          11           2           5         603         688
          24          11           2           6         527         629
          24          11           2           7         573         660
          24          11           2           8         466         545
          24          11           2           9         619         711
          24          11           2          10         513         600
          24          11           2          11         434         541
          24          11           4           0         439         533
          24          11           4           1         492         589
          24          11           4           2         482         599
          24          11           4           3         537         636
          24          11           4           4         497         592
          24          11           5          10         560         656
          24          11           5          11         497         592
          24          11           5          12         519         610
          24          11           5          13         487         591
          24          11           5          14         397         494
          24          11           3           0         580         700
          24          11           3           1         591         680
          24          11           3           2         501         606
          24          11           3           3         626         693
          24          11           3           4         560         651
          24          11           3           5         631         721
          24          11           3           6         448         544
          24          11           3           7         600         675
          24          11           3           8         531         614
          24          11           3           9         715         812
          24          11           3          10         525         610
          24          11           3          11         614         743
          24          11           6           0         360         481
          24          11           6           1         342         454
          24          11           6           2         454         562
          24          11           6           3         289         400
          24          11           6           4         452         569
          24          11           6           8         429         534
          24          11           6           9         348         449
          24          11           6          10         444         558
          24          11           6          11         509         611
          24          11           6          12         429         534
