#Wed Apr  9 15:01:56 2025
# Copy file into sbs-onl@sbsvtp#:~/cfg/pedestals for online pedestal subtraction
# format = crate, slot, mpd, adc_ch, CM min, CM max
          58          11          12           0         496         600
          58          11          12           1         634         733
          58          11          12           2         567         671
          58          11          12           3         606         710
          58          11          12           4         712         817
          58          11          12           5         672         768
          58          11          12           6         621         722
          58          11          12           7         692         781
          58          11          12           8         621         706
          58          11          12           9         505         589
          58          11          12          10         458         545
          58          11          12          11         614         723
          58          11          16          10         520         623
          58          11          16          11         592         692
          58          11          16          12         564         662
          58          11          16          13         580         678
          58          11          16          14         398         494
          58          11          17           0         357         477
          58          11          17           1         461         572
          58          11          17           2         500         617
          58          11          17           3         458         574
          58          11          17           4         441         554
          58          11          13           0         421         549
          58          11          13           1         403         480
          58          11          13           2         496         590
          58          11          13           3         557         639
          58          11          13           4         335         408
          58          11          13           5         494         570
          58          11          13           6         498         596
          58          11          13           7         575         653
          58          11          13           8         389         466
          58          11          13           9         480         557
          58          11          13          10         364         451
          58          11          13          11         434         526
          58          11          16           5         472         558
          58          11          16           6         523         618
          58          11          16           7         568         655
          58          11          16           8         373         466
          58          11          16           9         590         684
          58          11          17           5         520         613
          58          11          17           6         511         597
          58          11          17           7         579         664
          58          11          17           8         577         663
          58          11          17           9         486         575
          58          11          14           0         314         413
          58          11          14           1         403         484
          58          11          14           2         294         403
          58          11          14           3         384         474
          58          11          14           4         391         478
          58          11          14           5         438         523
          58          11          14           6         473         576
          58          11          14           7         525         604
          58          11          14           8         551         635
          58          11          14           9         375         452
          58          11          14          10         419         499
          58          11          14          11         365         466
          58          11          16           0         596         684
          58          11          16           1         510         590
          58          11          16           2         399         485
          58          11          16           3         522         606
          58          11          16           4         407         491
          58          11          17          10         360         451
          58          11          17          11         306         393
          58          11          17          12         246         325
          58          11          17          13         425         506
          58          11          17          14         380         473
          58          11          15           0         603         726
          58          11          15           1         533         615
          58          11          15           2         556         646
          58          11          15           3         505         584
          58          11          15           4         608         688
          58          11          15           5         555         631
          58          11          15           6         616         708
          58          11          15           7         508         583
          58          11          15           8         442         513
          58          11          15           9         691         773
          58          11          15          10         467         541
          58          11          15          11         493         583
          58          11          18           0         499         603
          58          11          18           1         361         446
          58          11          18           2         571         657
          58          11          18           3         461         543
          58          11          18           4         430         517
          58          11          18           8         552         647
          58          11          18           9         460         547
          58          11          18          10         485         567
          58          11          18          11         555         643
          58          11          18          12         442         525
          20          11          12           0         386         501
          20          11          12           1         474         568
          20          11          12           2         484         588
          20          11          12           3         470         589
          20          11          12           4         513         599
          20          11          12           5         598         685
          20          11          12           6         682         777
          20          11          12           7         527         616
          20          11          12           8         510         607
          20          11          12           9         509         603
          20          11          12          10         505         592
          20          11          12          11         622         724
          20          11          15          10         466         569
          20          11          15          11         496         592
          20          11          15          12         326         426
          20          11          15          13         313         414
          20          11          15          14         413         508
          58          11          20           0        1242        1330
          58          11          20           1         489         621
          58          11          20           2         326         442
          58          11          20           3         320         435
          58          11          20           4         418         522
          58          11          19           0         567         683
          58          11          19           1         568         666
          58          11          19           2         509         600
          58          11          19           3         623         717
          58          11          19           4         527         617
          58          11          19           5         543         632
          58          11          19           6         590         685
          58          11          19           7         561         655
          58          11          19           8         518         604
          58          11          19           9         460         543
          58          11          19          10         557         640
          58          11          19          11         450         544
          20          11          15           5         510         618
          20          11          15           6         478         576
          20          11          15           7         365         455
          20          11          15           8         487         580
          20          11          15           9         463         558
          58          11          20           5         383         487
          58          11          20           6         304         391
          58          11          20           7         460         551
          58          11          20           8         536         644
          58          11          20           9         464         552
          20          11          13           0         439         598
          20          11          13           1         442         542
          20          11          13           2         338         458
          20          11          13           3         254         341
          20          11          13           4         353         438
          20          11          13           5         498         586
          20          11          13           6         436         541
          20          11          13           7         498         622
          20          11          13           8         345         426
          20          11          13           9         266         345
          20          11          13          10         531         621
          20          11          13          11         368         482
          20          11          15           0         261         362
          20          11          15           1         481         581
          20          11          15           2         504         623
          20          11          15           3         359         466
          20          11          15           4         403         501
          58          11          20          10         497         598
          58          11          20          11         483         579
          58          11          20          12         405         500
          58          11          20          13         275         367
          58          11          20          14         255         346
          20          11          14           0         514         634
          20          11          14           1         390         471
          20          11          14           2         535         635
          20          11          14           3         353         438
          20          11          14           4         559         648
          20          11          14           5         390         466
          20          11          14           6         405         492
          20          11          14           7         567         648
          20          11          14           8         422         493
          20          11          14           9         537         614
          20          11          14          10         385         460
          20          11          14          11         432         556
          58          11          21           0         518         615
          58          11          21           1         252         335
          58          11          21           2         521         617
          58          11          21           3         336         425
          58          11          21           4         213         305
          58          11          21           8         511         608
          58          11          21           9         418         519
          58          11          21          10         396         484
          58          11          21          11         447         532
          58          11          21          12         409         507
          58          11          22           0         475         594
          58          11          22           1         587         668
          58          11          22           2         570         665
          58          11          22           3         434         509
          58          11          22           4         681         758
          58          11          22           5         424         501
          58          11          22           6         513         598
          58          11          22           7         714         793
          58          11          22           8         743         820
          58          11          22           9         694         770
          58          11          22          10         727         800
          58          11          22          11         424         503
          24          11           9          10         442         526
          24          11           9          11         382         467
          24          11           9          12         501         587
          24          11           9          13         280         361
          24          11           9          14         438         522
          24          11          10           0         512         607
          24          11          10           1         535         608
          24          11          10           2         667         752
          24          11          10           3         566         643
          24          11          10           4         614         692
          58          11          23           0         558         656
          58          11          23           1         658         748
          58          11          23           2         699         789
          58          11          23           3         469         551
          58          11          23           4         474         555
          58          11          23           5         543         623
          58          11          23           6         507         587
          58          11          23           7         454         527
          58          11          23           8         480         551
          58          11          23           9         625         703
          58          11          23          10         572         649
          58          11          23          11         635         719
          24          11           9           5         459         555
          24          11           9           6         486         580
          24          11           9           7         447         532
          24          11           9           8         452         537
          24          11           9           9         434         523
          24          11          10           5         646         739
          24          11          10           6         552         634
          24          11          10           7         524         611
          24          11          10           8         596         677
          24          11          10           9         503         593
          25          11           8           0         416         527
          25          11           8           1         669         771
          25          11           8           2         562         663
          25          11           8           3         443         537
          25          11           8           4         440         528
          25          11           8           5         470         559
          25          11           8           6         586         692
          25          11           8           7         451         547
          25          11           8           8         692         782
          25          11           8           9         410         491
          25          11           8          10         626         712
          25          11           8          11         500         600
          24          11           9           0         645         758
          24          11           9           1         596         702
          24          11           9           2         552         651
          24          11           9           3         424         528
          24          11           9           4         565         662
          24          11          10          10         641         747
          24          11          10          11         463         556
          24          11          10          12         471         567
          24          11          10          13         515         612
          24          11          10          14         618         715
          24          11           8           0         482         629
          24          11           8           1         461         549
          24          11           8           2         296         417
          24          11           8           3         349         440
          24          11           8           4         452         546
          24          11           8           5         311         446
          24          11           8           6         373         478
          24          11           8           7         536         614
          24          11           8           8         525         638
          24          11           8           9           0           0
          24          11           8          10           0           0
          24          11           8          11           0           0
          24          11          11           0         476         575
          24          11          11           1         563         672
          24          11          11           2         426         526
          24          11          11           3         547         712
          24          11          11           4         506         607
          24          11          11           8         668         778
          24          11          11           9         628         733
          24          11          11          10         390         492
          24          11          11          11         566         674
          24          11          11          12         392         499
          24          11          12           0         428         577
          24          11          12           1         535         633
          24          11          12           2         507         620
          24          11          12           3         608         710
          24          11          12           4         439         537
          24          11          12           5         575         665
          24          11          12           6         550         651
          24          11          12           7         620         720
          24          11          12           8         536         622
          24          11          12           9         608         698
          24          11          12          10         462         567
          24          11          12          11         463         580
          25          11           9          10         356         461
          25          11           9          11         354         458
          25          11           9          12         514         624
          25          11           9          13         576         689
          25          11           9          14         352         446
          25          11          10           0         353         468
          25          11          10           1         471         576
          25          11          10           2         381         480
          25          11          10           3         384         478
          25          11          10           4         274         368
          24          11          13           0         439         547
          24          11          13           1         564         659
          24          11          13           2         454         561
          24          11          13           3         485         571
          24          11          13           4         397         471
          24          11          13           5         422         495
          24          11          13           6         331         412
          24          11          13           7         359         433
          24          11          13           8         473         550
          24          11          13           9         498         573
          24          11          13          10         337         436
          24          11          13          11         312         429
          25          11           9           5         345         403
          25          11           9           6         541         627
          25          11           9           7         535         617
          25          11           9           8         500         589
          25          11           9           9         472         563
          25          11          10           5         523         668
          25          11          10           6         481         592
          25          11          10           7         312         418
          25          11          10           8        1280        1372
          25          11          10           9         361         455
          24          11          14           0         610         770
          24          11          14           1         325         413
          24          11          14           2         501         595
          24          11          14           3         578         664
          24          11          14           4         417         501
          24          11          14           5         634         721
          24          11          14           6         539         625
          24          11          14           7         530         621
          24          11          14           8         646         740
          24          11          14           9         431         518
          24          11          14          10         676         774
          24          11          14          11         599         729
          25          11           9           0         654         752
          25          11           9           1         581         676
          25          11           9           2         590         688
          25          11           9           3         607         701
          25          11           9           4         585         691
          25          11          10          10         217         237
          25          11          10          11         396         516
          25          11          10          12         413         506
          25          11          10          13         446         544
          25          11          10          14         560         664
          24          11          15           0         627         820
          24          11          15           1         644         737
          24          11          15           2         471         563
          24          11          15           3         648         740
          24          11          15           4         579         691
          24          11          15           5         575         657
          24          11          15           6         555         694
          24          11          15           7         616         703
          24          11          15           8         577         667
          24          11          15           9         677         769
          24          11          15          10         578         668
          24          11          15          11         489         614
          25          11          11           0         471         594
          25          11          11           1         579         682
          25          11          11           2         376         467
          25          11          11           3         493         589
          25          11          11           4         589         684
          25          11          11           8         462         582
          25          11          11           9         499         600
          25          11          11          10         562         672
          25          11          11          11         482         585
          25          11          11          12         450         561
          25          11          12           0         504         661
          25          11          12           1         842         948
          25          11          12           2         602         699
          25          11          12           3         586         686
          25          11          12           4         704         808
          25          11          12           5         502         607
          25          11          12           6         527         637
          25          11          12           7         618         716
          25          11          12           8         669         777
          25          11          12           9         647         747
          25          11          12          10         590         697
          25          11          12          11         376         491
          25          11          16          10         582         686
          25          11          16          11         504         613
          25          11          16          12         604         720
          25          11          16          13         579         701
          25          11          16          14         591         707
          25          11          17           0         459         576
          25          11          17           1         466         578
          25          11          17           2         494         592
          25          11          17           3         306         403
          25          11          17           4         482         586
          25          11          13           0         417         553
          25          11          13           1         477         587
          25          11          13           2         477         642
          25          11          13           3         586         712
          25          11          13           4         456         576
          25          11          13           5         460         590
          25          11          13           6         543         676
          25          11          13           7         508         627
          25          11          13           8         568         678
          25          11          13           9         551         662
          25          11          13          10         530         649
          25          11          13          11         512         641
          25          11          16           5         489         640
          25          11          16           6         362         494
          25          11          16           7         398         533
          25          11          16           8         502         624
          25          11          16           9         463         622
          25          11          17           5         570         701
          25          11          17           6         405         516
          25          11          17           7         536         642
          25          11          17           8         518         623
          25          11          17           9         590         704
          25          11          14           0         289         440
          25          11          14           1         494         602
          25          11          14           2         565         697
          25          11          14           3         556         659
          25          11          14           4         562         679
          25          11          14           5         519         632
          25          11          14           6         584         725
          25          11          14           7         527         647
          25          11          14           8           0           0
          25          11          14           9         663         790
          25          11          14          10         575         702
          25          11          14          11         527         667
          25          11          16           0         409         539
          25          11          16           1         471         602
          25          11          16           2         457         581
          25          11          16           3         490         619
          25          11          16           4         497         619
          25          11          17          10         537         666
          25          11          17          11         472         595
          25          11          17          12         493         615
          25          11          17          13         535         654
          25          11          17          14         514         639
          25          11          15           0         578         717
          25          11          15           1         481         582
          25          11          15           2         614         730
          25          11          15           3         498         609
          25          11          15           4         419         531
          25          11          15           5         796         934
          25          11          15           6         561         704
          25          11          15           7         569         702
          25          11          15           8         585         717
          25          11          15           9         393         525
          25          11          15          10         591         742
          25          11          15          11         516         686
          25          11          18           0         500         639
          25          11          18           1         413         545
          25          11          18           2         238         373
          25          11          18           3         367         550
          25          11          18           4         440         582
          25          11          18           8         460         583
          25          11          18           9         481         603
          25          11          18          10         499         621
          25          11          18          11         567         688
          25          11          18          12         436         579
          25          11          19           0         478         621
          25          11          19           1         602         724
          25          11          19           2         527         649
          25          11          19           3         604         727
          25          11          19           4         560         679
          25          11          19           5         440         562
          25          11          19           6         512         648
          25          11          19           7         586         708
          25          11          19           8         507         630
          25          11          19           9         520         637
          25          11          19          10         405         528
          25          11          19          11         578         742
          25          11          23          10         487         627
          25          11          23          11         467         587
          25          11          23          12         560         693
          25          11          23          13         491         620
          25          11          23          14         520         650
          25          11          24           0         387         513
          25          11          24           1         333         465
          25          11          24           2         393         518
          25          11          24           3         403         528
          25          11          24           4         425         556
          25          11          20           0        1035        1199
          25          11          20           1         943        1090
          25          11          20           2         931        1085
          25          11          20           3         924        1062
          25          11          20           4         925        1068
          25          11          20           5           0           0
          25          11          20           6         988        1135
          25          11          20           7         709         861
          25          11          20           8         876        1033
          25          11          20           9         757         899
          25          11          20          10        1030        1166
          25          11          20          11         735         894
          25          11          23           5         458         584
          25          11          23           6         580         721
          25          11          23           7         367         499
          25          11          23           8         340         466
          25          11          23           9         412         550
          25          11          24           5         474         621
          25          11          24           6         379         522
          25          11          24           7         324         455
          25          11          24           8         472         615
          25          11          24           9         411         550
          25          11          21           0         582         674
          25          11          21           1         607         719
          25          11          21           2         520         635
          25          11          21           3         677         791
          25          11          21           4         612         717
          25          11          21           5         591         702
          25          11          21           6         564         684
          25          11          21           7         448         550
          25          11          21           8         646         759
          25          11          21           9         610         721
          25          11          21          10         463         568
          25          11          21          11         660         784
          25          11          23           0         529         651
          25          11          23           1         529         640
          25          11          23           2         541         657
          25          11          23           3         413         523
          25          11          23           4         433         542
          25          11          24          10         497         625
          25          11          24          11         683         815
          25          11          24          12         317         435
          25          11          24          13         344         490
          25          11          24          14         529         646
          25          11          22           0         601         732
          25          11          22           1         576         688
          25          11          22           2         618         739
          25          11          22           3         474         586
          25          11          22           4         513         619
          25          11          22           5         572         682
          25          11          22           6         640         776
          25          11          22           7         552         661
          25          11          22           8         636         747
          25          11          22           9         596         710
          25          11          22          10         479         595
          25          11          22          11         466         597
          25          11          25           0         539         682
          25          11          25           1         554         688
          25          11          25           2         540         690
          25          11          25           3         590         765
          25          11          25           4         331         516
          25          11          25           8         461         606
          25          11          25           9         489         594
          25          11          25          10         469         587
          25          11          25          11         521         648
          25          11          25          12         522         647
          25          11          26           0         661         807
          25          11          26           1         649         761
          25          11          26           2         583         709
          25          11          26           3         666         771
          25          11          26           4         495         603
          25          11          26           5         667         778
          25          11          26           6         598         704
          25          11          26           7         596         704
          25          11          26           8         592         694
          25          11          26           9         643         750
          25          11          26          10         626         736
          25          11          26          11         562         698
          24          11          18          10         431         556
          24          11          18          11         545         667
          24          11          18          12         513         633
          24          11          18          13         500         615
          24          11          18          14         494         610
          24          11          19           0         476         625
          24          11          19           1         430         556
          24          11          19           2         455         574
          24          11          19           3         335         510
          24          11          19           4         440         566
          25          11          27           0         476         605
          25          11          27           1         471         578
          25          11          27           2         627         751
          25          11          27           3         518         627
          25          11          27           4         588         691
          25          11          27           5         566         672
          25          11          27           6         705         830
          25          11          27           7         474         572
          25          11          27           8         637         745
          25          11          27           9         731         840
          25          11          27          10         684         795
          25          11          27          11         662         800
          24          11          18           5         329         439
          24          11          18           6         493         607
          24          11          18           7         557         672
          24          11          18           8         315         444
          24          11          18           9         502         640
          24          11          19           5         440         568
          24          11          19           6         452         565
          24          11          19           7         488         616
          24          11          19           8         266         390
          24          11          19           9         458         577
          24          11          16           0         428         622
          24          11          16           1         503         606
          24          11          16           2         400         509
          24          11          16           3         597         699
          24          11          16           4         562         656
          24          11          16           5         464         565
          24          11          16           6         593         720
          24          11          16           7         581         681
          24          11          16           8         631         731
          24          11          16           9         622         723
          24          11          16          10         559         671
          24          11          16          11         476         610
          24          11          18           0         394         573
          24          11          18           1         326         429
          24          11          18           2         562         680
          24          11          18           3         299         408
          24          11          18           4         526         644
          24          11          19          10         516         644
          24          11          19          11         568         682
          24          11          19          12         357         467
          24          11          19          13         624         746
          24          11          19          14         596         720
          24          11          17           0         554         683
          24          11          17           1         480         584
          24          11          17           2         545         663
          24          11          17           3         575         685
          24          11          17           4         432         535
          24          11          17           5         650         762
          24          11          17           6         446         563
          24          11          17           7         508         621
          24          11          17           8         569         679
          24          11          17           9         465         576
          24          11          17          10         396         509
          24          11          17          11         466         590
          24          11          20           0         526         667
          24          11          20           1         527         653
          24          11          20           2         495         617
          24          11          20           3         417         528
          24          11          20           4         545         690
          24          11          20           8         397         551
          24          11          20           9         559         709
          24          11          20          10         495         617
          24          11          20          11         429         575
          24          11          20          12         487         619
          24          11          21           0         463         613
          24          11          21           1         658         769
          24          11          21           2         558         661
          24          11          21           3         518         623
          24          11          21           4         682         777
          24          11          21           5         531         631
          24          11          21           6         569         661
          24          11          21           7         640         749
          24          11          21           8         587         694
          24          11          21           9         685         797
          24          11          21          10         512         615
          24          11          21          11         506         649
          24          11          25          10         628         738
          24          11          25          11         543         663
          24          11          25          12         569         691
          24          11          25          13         597         715
          24          11          25          14         670         782
          24          11          26           0         449         555
          24          11          26           1         451         560
          24          11          26           2         560         664
          24          11          26           3         519         619
          24          11          26           4         564         665
          24          11          22           0         579         732
          24          11          22           1         521         627
          24          11          22           2         535         638
          24          11          22           3         529         632
          24          11          22           4         455         553
          24          11          22           5         578         677
          24          11          22           6         601         717
          24          11          22           7         492         591
          24          11          22           8         556         650
          24          11          22           9         523         620
          24          11          22          10         476         588
          24          11          22          11         584         740
          24          11          25           5         446         563
          24          11          25           6         610         742
          24          11          25           7         613         729
          24          11          25           8         557         677
          24          11          25           9         544         659
          24          11          26           5         515         609
          24          11          26           6         529         621
          24          11          26           7         352         443
          24          11          26           8         555         644
          24          11          26           9         566         656
          24          11          23           0         600         744
          24          11          23           1         633         743
          24          11          23           2         516         610
          24          11          23           3         544         649
          24          11          23           4         646         750
          24          11          23           5         496         597
          24          11          23           6         465         581
          24          11          23           7         563         661
          24          11          23           8         562         669
          24          11          23           9         591         688
          24          11          23          10         487         593
          24          11          23          11         540         666
          24          11          25           0         643         750
          24          11          25           1         448         553
          24          11          25           2         612         717
          24          11          25           3         420         526
          24          11          25           4         445         551
          24          11          26          10         522         651
          24          11          26          11         457         564
          24          11          26          12         530         579
          24          11          26          13         462         575
          24          11          26          14         523         633
          24          11          24           0         698         840
          24          11          24           1         574         688
          24          11          24           2         776         892
          24          11          24           3         549         652
          24          11          24           4         541         647
          24          11          24           5         585         692
          24          11          24           6         698         815
          24          11          24           7         658         757
          24          11          24           8         617         721
          24          11          24           9         727         834
          24          11          24          10         727         837
          24          11          24          11         668         795
          24          11          27           0         545         703
          24          11          27           1         485         618
          24          11          27           2         621         759
          24          11          27           3         611         756
          24          11          27           4         509         650
          24          11          27           8         584         780
          24          11          27           9         458         630
          24          11          27          10         476         650
          24          11          27          11         435         591
          24          11          27          12         440         597
