#Thu Jun 19 15:10:19 2025
# Copy file into sbs-onl@sbsvtp#:~/cfg/pedestals for online pedestal subtraction
# format = crate, slot, mpd, adc_ch, CM min, CM max
          58          11          12           0         592         710
          58          11          12           1         741         848
          58          11          12           2         664         782
          58          11          12           3         704         820
          58          11          12           4         828         942
          58          11          12           5         784         891
          58          11          12           6         723         839
          58          11          12           7         792         891
          58          11          12           8         711         804
          58          11          12           9         601         696
          58          11          12          10         549         645
          58          11          12          11         722         844
          58          11          16          10         758         869
          58          11          16          11         837         945
          58          11          16          12         797         901
          58          11          16          13         830         936
          58          11          16          14         632         734
          58          11          17           0         524         657
          58          11          17           1         622         741
          58          11          17           2         677         803
          58          11          17           3         628         753
          58          11          17           4         608         730
          58          11          13           0         667         800
          58          11          13           1         649         733
          58          11          13           2         741         842
          58          11          13           3         810         896
          58          11          13           4         585         664
          58          11          13           5         752         834
          58          11          13           6         745         849
          58          11          13           7         836         920
          58          11          13           8         626         707
          58          11          13           9         730         810
          58          11          13          10         604         696
          58          11          13          11         687         784
          58          11          16           5         731         817
          58          11          16           6         785         878
          58          11          16           7         831         916
          58          11          16           8         620         712
          58          11          16           9         861         954
          58          11          17           5         701         804
          58          11          17           6         684         779
          58          11          17           7         752         844
          58          11          17           8         742         835
          58          11          17           9         664         760
          58          11          14           0         516         627
          58          11          14           1         619         709
          58          11          14           2         500         620
          58          11          14           3         594         692
          58          11          14           4         606         702
          58          11          14           5         656         749
          58          11          14           6         687         800
          58          11          14           7         745         831
          58          11          14           8         773         864
          58          11          14           9         587         671
          58          11          14          10         631         717
          58          11          14          11         571         682
          58          11          16           0         846         943
          58          11          16           1         747         836
          58          11          16           2         633         729
          58          11          16           3         754         845
          58          11          16           4         650         744
          58          11          17          10         562         663
          58          11          17          11         500         592
          58          11          17          12         439         522
          58          11          17          13         617         704
          58          11          17          14         579         677
          58          11          15           0         851         980
          58          11          15           1         771         859
          58          11          15           2         793         891
          58          11          15           3         747         832
          58          11          15           4         847         933
          58          11          15           5         786         867
          58          11          15           6         855         953
          58          11          15           7         741         822
          58          11          15           8         674         752
          58          11          15           9         937        1024
          58          11          15          10         706         786
          58          11          15          11         735         834
          58          11          18           0         743         853
          58          11          18           1         602         694
          58          11          18           2         817         907
          58          11          18           3         704         788
          58          11          18           4         667         754
          58          11          18           8         771         877
          58          11          18           9         677         774
          58          11          18          10         693         786
          58          11          18          11         773         873
          58          11          18          12         646         739
          20          11          12           0         608         734
          20          11          12           1         694         796
          20          11          12           2         708         819
          20          11          12           3         694         821
          20          11          12           4         737         830
          20          11          12           5         815         909
          20          11          12           6         907        1011
          20          11          12           7         746         843
          20          11          12           8         736         840
          20          11          12           9         734         837
          20          11          12          10         726         820
          20          11          12          11         859         969
          20          11          15          10         786         899
          20          11          15          11         806         913
          20          11          15          12         644         753
          20          11          15          13         616         727
          20          11          15          14         716         819
          58          11          20           0        1364        1465
          58          11          20           1         743         881
          58          11          20           2         566         693
          58          11          20           3         557         680
          58          11          20           4         659         767
          58          11          19           0         809         930
          58          11          19           1         818         922
          58          11          19           2         748         843
          58          11          19           3         878         977
          58          11          19           4         772         867
          58          11          19           5         784         878
          58          11          19           6         831         934
          58          11          19           7         815         912
          58          11          19           8         761         850
          58          11          19           9         693         780
          58          11          19          10         789         880
          58          11          19          11         694         796
          20          11          15           5         841         956
          20          11          15           6         810         916
          20          11          15           7         690         787
          20          11          15           8         816         914
          20          11          15           9         788         887
          58          11          20           5         635         743
          58          11          20           6         550         642
          58          11          20           7         711         806
          58          11          20           8         796         911
          58          11          20           9         719         812
          20          11          13           0         780         939
          20          11          13           1         787         888
          20          11          13           2         699         818
          20          11          13           3         590         668
          20          11          13           4         683         771
          20          11          13           5         843         933
          20          11          13           6         779         886
          20          11          13           7         853         975
          20          11          13           8         687         772
          20          11          13           9         596         680
          20          11          13          10         881         976
          20          11          13          11         725         837
          20          11          15           0         570         675
          20          11          15           1         801         902
          20          11          15           2         834         955
          20          11          15           3         680         789
          20          11          15           4         703         807
          58          11          20          10         754         860
          58          11          20          11         742         845
          58          11          20          12         655         756
          58          11          20          13         520         619
          58          11          20          14         489         589
          20          11          14           0         787         913
          20          11          14           1         660         749
          20          11          14           2         803         910
          20          11          14           3         618         709
          20          11          14           4         834         927
          20          11          14           5         653         733
          20          11          14           6         671         763
          20          11          14           7         846         933
          20          11          14           8         688         764
          20          11          14           9         811         893
          20          11          14          10         651         732
          20          11          14          11         718         841
          58          11          21           0         855         956
          58          11          21           1         576         665
          58          11          21           2         866         968
          58          11          21           3         664         758
          58          11          21           4           0           0
          58          11          21           8         757         855
          58          11          21           9         692         798
          58          11          21          10         641         734
          58          11          21          11         692         783
          58          11          21          12         664         766
          58          11          22           0         703         829
          58          11          22           1         814         901
          58          11          22           2         804         907
          58          11          22           3         656         737
          58          11          22           4         909         991
          58          11          22           5         647         730
          58          11          22           6         741         832
          58          11          22           7         948        1033
          58          11          22           8         977        1060
          58          11          22           9         926        1009
          58          11          22          10         952        1031
          58          11          22          11         635         722
          24          11           9          10         683         771
          24          11           9          11         636         732
          24          11           9          12         760         857
          24          11           9          13         516         611
          24          11           9          14         686         787
          24          11          10           0         769         870
          24          11          10           1         783         862
          24          11          10           2         931        1022
          24          11          10           3         818         900
          24          11          10           4         872         955
          58          11          23           0         791         894
          58          11          23           1         922        1015
          58          11          23           2         940        1035
          58          11          23           3         710         795
          58          11          23           4         724         808
          58          11          23           5         784         867
          58          11          23           6         743         826
          58          11          23           7         696         773
          58          11          23           8         722         797
          58          11          23           9         864         945
          58          11          23          10         805         886
          58          11          23          11         877         964
          24          11           9           5         727         825
          24          11           9           6         758         856
          24          11           9           7         713         800
          24          11           9           8         714         801
          24          11           9           9         705         798
          24          11          10           5         911        1004
          24          11          10           6         805         887
          24          11          10           7         784         869
          24          11          10           8         861         940
          24          11          10           9         768         854
          25          11           8           0         644         776
          25          11           8           1         907        1033
          25          11           8           2         790         911
          25          11           8           3         661         776
          25          11           8           4         664         774
          25          11           8           5         691         799
          25          11           8           6         819         944
          25          11           8           7         679         796
          25          11           8           8         921        1028
          25          11           8           9         640         740
          25          11           8          10         852         957
          25          11           8          11         730         848
          24          11           9           0         895        1030
          24          11           9           1         841         968
          24          11           9           2         788         909
          24          11           9           3         661         786
          24          11           9           4         813         931
          24          11          10          10         882        1006
          24          11          10          11         701         815
          24          11          10          12         705         824
          24          11          10          13         754         874
          24          11          10          14         857         974
          24          11           8           0         736         885
          24          11           8           1         677         762
          24          11           8           2         518         642
          24          11           8           3         562         651
          24          11           8           4         707         799
          24          11           8           5         576         711
          24          11           8           6         638         742
          24          11           8           7         783         859
          24          11           8           8         784         881
          24          11           8           9         841         934
          24          11           8          10         764         864
          24          11           8          11         760         864
          24          11          11           0         717         810
          24          11          11           1         821         920
          24          11          11           2         679         769
          24          11          11           3         808         953
          24          11          11           4         761         852
          24          11          11           8         928        1031
          24          11          11           9         897         997
          24          11          11          10         644         741
          24          11          11          11         828         932
          24          11          11          12         646         750
          24          11          12           0         688         862
          24          11          12           1         795         919
          24          11          12           2         766         897
          24          11          12           3         866         992
          24          11          12           4         697         820
          24          11          12           5         829         942
          24          11          12           6         806         929
          24          11          12           7         879        1002
          24          11          12           8         790         898
          24          11          12           9         859         972
          24          11          12          10         723         853
          24          11          12          11         722         855
          25          11           9          10         494         621
          25          11           9          11         498         624
          25          11           9          12         665         795
          25          11           9          13         730         869
          25          11           9          14         494         605
          25          11          10           0         620         760
          25          11          10           1         737         867
          25          11          10           2         631         754
          25          11          10           3         643         762
          25          11          10           4         521         642
          24          11          13           0         677         792
          24          11          13           1         811         916
          24          11          13           2         698         814
          24          11          13           3         734         827
          24          11          13           4         642         720
          24          11          13           5         663         739
          24          11          13           6         566         654
          24          11          13           7         599         678
          24          11          13           8         721         803
          24          11          13           9         737         816
          24          11          13          10         592         696
          24          11          13          11         544         666
          25          11           9           5         433         520
          25          11           9           6         663         759
          25          11           9           7         656         744
          25          11           9           8         623         716
          25          11           9           9         587         685
          25          11          10           5         773         929
          25          11          10           6         727         847
          25          11          10           7         544         656
          25          11          10           8        1407        1500
          25          11          10           9         587         697
          24          11          14           0         831        1010
          24          11          14           1         517         617
          24          11          14           2         699         802
          24          11          14           3         780         877
          24          11          14           4         620         715
          24          11          14           5         846         946
          24          11          14           6         736         833
          24          11          14           7         723         826
          24          11          14           8         857         964
          24          11          14           9         626         728
          24          11          14          10         885        1001
          24          11          14          11         801         952
          25          11           9           0         808         920
          25          11           9           1         746         853
          25          11           9           2         755         866
          25          11           9           3         769         876
          25          11           9           4         751         872
          25          11          10          10         353         481
          25          11          10          11         673         814
          25          11          10          12         700         801
          25          11          10          13         736         840
          25          11          10          14         848         956
          24          11          15           0         765         968
          24          11          15           1         790         898
          24          11          15           2         607         711
          24          11          15           3         796         898
          24          11          15           4         725         836
          24          11          15           5         710         803
          24          11          15           6         690         846
          24          11          15           7         766         864
          24          11          15           8         724         826
          24          11          15           9         827         932
          24          11          15          10         720         824
          24          11          15          11         620         768
          25          11          11           0         614         758
          25          11          11           1         732         849
          25          11          11           2         511         615
          25          11          11           3         639         748
          25          11          11           4         741         851
          25          11          11           8         746         874
          25          11          11           9         763         874
          25          11          11          10         845         967
          25          11          11          11         763         877
          25          11          11          12         719         840
          25          11          12           0         699         866
          25          11          12           1        1062        1175
          25          11          12           2         805         910
          25          11          12           3         787         895
          25          11          12           4         923        1033
          25          11          12           5         708         820
          25          11          12           6         727         843
          25          11          12           7         821         923
          25          11          12           8         890        1003
          25          11          12           9         860         966
          25          11          12          10         805         920
          25          11          12          11         573         697
          25          11          16          10         842         950
          25          11          16          11         768         882
          25          11          16          12         869         989
          25          11          16          13         844         971
          25          11          16          14         849         972
          25          11          17           0         697         822
          25          11          17           1         689         811
          25          11          17           2         713         819
          25          11          17           3         526         630
          25          11          17           4         709         820
          25          11          13           0         638         779
          25          11          13           1         684         799
          25          11          13           2         686         857
          25          11          13           3         820         948
          25          11          13           4         680         793
          25          11          13           5         687         803
          25          11          13           6         776         899
          25          11          13           7         733         842
          25          11          13           8         781         892
          25          11          13           9         762         875
          25          11          13          10         742         863
          25          11          13          11         717         849
          25          11          16           5         762         909
          25          11          16           6         608         739
          25          11          16           7         653         792
          25          11          16           8         751         878
          25          11          16           9         734         896
          25          11          17           5         802         940
          25          11          17           6         646         763
          25          11          17           7         772         883
          25          11          17           8         740         852
          25          11          17           9         825         947
          25          11          14           0         542         692
          25          11          14           1         747         848
          25          11          14           2         817         941
          25          11          14           3         799         897
          25          11          14           4         821         928
          25          11          14           5         759         865
          25          11          14           6         849         982
          25          11          14           7         787         898
          25          11          14           8           0           0
          25          11          14           9         932        1049
          25          11          14          10         845         964
          25          11          14          11         791         925
          25          11          16           0         685         805
          25          11          16           1         751         873
          25          11          16           2         736         851
          25          11          16           3         773         893
          25          11          16           4         770         887
          25          11          17          10         775         898
          25          11          17          11         710         833
          25          11          17          12         716         833
          25          11          17          13         757         876
          25          11          17          14         737         861
          25          11          15           0         813         944
          25          11          15           1         718         810
          25          11          15           2         855         961
          25          11          15           3         734         839
          25          11          15           4         656         760
          25          11          15           5        1040        1159
          25          11          15           6         802         930
          25          11          15           7         811         932
          25          11          15           8         821         936
          25          11          15           9         627         744
          25          11          15          10         846         978
          25          11          15          11         765         916
          25          11          18           0         770         909
          25          11          18           1         683         813
          25          11          18           2         497         633
          25          11          18           3         629         814
          25          11          18           4         707         848
          25          11          18           8         699         816
          25          11          18           9         719         839
          25          11          18          10         739         860
          25          11          18          11         808         926
          25          11          18          12         686         828
          25          11          19           0         716         876
          25          11          19           1         832         975
          25          11          19           2         764         905
          25          11          19           3         845         988
          25          11          19           4         805         944
          25          11          19           5         680         819
          25          11          19           6         751         904
          25          11          19           7         831         970
          25          11          19           8         736         874
          25          11          19           9         750         882
          25          11          19          10         642         783
          25          11          19          11         827         993
          25          11          23          10         600         773
          25          11          23          11         580         727
          25          11          23          12         679         843
          25          11          23          13         600         759
          25          11          23          14         634         794
          25          11          24           0         640         798
          25          11          24           1         583         749
          25          11          24           2         643         800
          25          11          24           3         648         807
          25          11          24           4         677         838
          25          11          20           0        1423        1588
          25          11          20           1        1205        1345
          25          11          20           2        1204        1350
          25          11          20           3        1200        1339
          25          11          20           4           0           0
          25          11          20           5           0           0
          25          11          20           6           0           0
          25          11          20           7           0           0
          25          11          20           8        1149        1300
          25          11          20           9           0           0
          25          11          20          10           0           0
          25          11          20          11        1054        1206
          25          11          23           5         580         718
          25          11          23           6         716         869
          25          11          23           7         495         642
          25          11          23           8         456         598
          25          11          23           9         534         687
          25          11          24           5         742         905
          25          11          24           6         751         908
          25          11          24           7         762         913
          25          11          24           8         761         917
          25          11          24           9         682         853
          25          11          21           0         672         778
          25          11          21           1         700         822
          25          11          21           2         613         740
          25          11          21           3         776         903
          25          11          21           4         713         828
          25          11          21           5         690         814
          25          11          21           6         655         793
          25          11          21           7         529         644
          25          11          21           8         748         871
          25          11          21           9         702         822
          25          11          21          10         548         665
          25          11          21          11         760         900
          25          11          23           0         658         792
          25          11          23           1         660         777
          25          11          23           2         678         802
          25          11          23           3         535         655
          25          11          23           4         551         671
          25          11          24          10         754         894
          25          11          24          11         952        1096
          25          11          24          12         555         684
          25          11          24          13         599         756
          25          11          24          14         784         913
          25          11          22           0         699         846
          25          11          22           1         680         804
          25          11          22           2         720         855
          25          11          22           3         571         695
          25          11          22           4         613         725
          25          11          22           5         673         790
          25          11          22           6         750         897
          25          11          22           7         657         771
          25          11          22           8         746         863
          25          11          22           9         704         823
          25          11          22          10         578         701
          25          11          22          11         563         706
          25          11          25           0         674         833
          25          11          25           1         680         827
          25          11          25           2         674         832
          25          11          25           3         741         911
          25          11          25           4         470         641
          25          11          25           8         721         881
          25          11          25           9         744         864
          25          11          25          10         720         855
          25          11          25          11         786         929
          25          11          25          12         771         910
          25          11          26           0         887        1043
          25          11          26           1         874         997
          25          11          26           2         802         937
          25          11          26           3         877         992
          25          11          26           4         716         832
          25          11          26           5         887        1004
          25          11          26           6         813         927
          25          11          26           7         819         936
          25          11          26           8         806         917
          25          11          26           9         865         984
          25          11          26          10         843         964
          25          11          26          11         771         916
          24          11          18          10         671         807
          24          11          18          11         798         930
          24          11          18          12         760         893
          24          11          18          13         731         858
          24          11          18          14         724         859
          24          11          19           0         732         895
          24          11          19           1         700         839
          24          11          19           2         722         854
          24          11          19           3         591         785
          24          11          19           4         700         839
          25          11          27           0         679         823
          25          11          27           1         682         799
          25          11          27           2         840         973
          25          11          27           3         734         855
          25          11          27           4         807         921
          25          11          27           5         790         903
          25          11          27           6         937        1070
          25          11          27           7         684         791
          25          11          27           8           0           0
          25          11          27           9         948        1069
          25          11          27          10         902        1027
          25          11          27          11         874        1028
          24          11          18           5         763         906
          24          11          18           6         634         757
          24          11          18           7         695         819
          24          11          18           8         680         811
          24          11          18           9         819         946
          24          11          19           5         636         772
          24          11          19           6         701         828
          24          11          19           7         717         844
          24          11          19           8         718         854
          24          11          19           9         672         809
          24          11          16           0         668         875
          24          11          16           1         737         847
          24          11          16           2         635         753
          24          11          16           3         841         951
          24          11          16           4         793         898
          24          11          16           5         694         809
          24          11          16           6         839         976
          24          11          16           7         821         929
          24          11          16           8         861         968
          24          11          16           9         861         970
          24          11          16          10         795         919
          24          11          16          11         707         854
          24          11          18           0         634         828
          24          11          18           1         551         662
          24          11          18           2         814         942
          24          11          18           3         530         647
          24          11          18           4         773         899
          24          11          19          10         746         880
          24          11          19          11         790         912
          24          11          19          12         575         690
          24          11          19          13         850         975
          24          11          19          14         823         950
          24          11          17           0         791         931
          24          11          17           1         718         826
          24          11          17           2         791         912
          24          11          17           3         814         928
          24          11          17           4         665         773
          24          11          17           5         894        1011
          24          11          17           6         682         804
          24          11          17           7         749         866
          24          11          17           8         802         915
          24          11          17           9         704         820
          24          11          17          10         635         751
          24          11          17          11         697         828
          24          11          20           0         791         934
          24          11          20           1         786         911
          24          11          20           2         762         886
          24          11          20           3         658         775
          24          11          20           4         782         923
          24          11          20           8         629         778
          24          11          20           9         811         961
          24          11          20          10         737         861
          24          11          20          11         664         812
          24          11          20          12         755         888
          24          11          21           0           0           0
          24          11          21           1         907        1016
          24          11          21           2         789         887
          24          11          21           3         765         873
          24          11          21           4         912        1010
          24          11          21           5         763         865
          24          11          21           6         795         891
          24          11          21           7         874         980
          24          11          21           8         830         932
          24          11          21           9         931        1039
          24          11          21          10         742         838
          24          11          21          11         749         882
          24          11          25          10         856         959
          24          11          25          11         793         900
          24          11          25          12         823         932
          24          11          25          13         841         945
          24          11          25          14         904        1006
          24          11          26           0         693         798
          24          11          26           1         711         815
          24          11          26           2         810         911
          24          11          26           3         777         879
          24          11          26           4         815         917
          24          11          22           0         819         957
          24          11          22           1         778         871
          24          11          22           2         771         870
          24          11          22           3         786         883
          24          11          22           4         709         799
          24          11          22           5         825         915
          24          11          22           6         852         954
          24          11          22           7         729         825
          24          11          22           8         801         885
          24          11          22           9         768         853
          24          11          22          10         726         820
          24          11          22          11         852         981
          24          11          25           5         695         797
          24          11          25           6         851         957
          24          11          25           7         862         953
          24          11          25           8         814         908
          24          11          25           9         790         883
          24          11          26           5         757         852
          24          11          26           6         775         866
          24          11          26           7         602         692
          24          11          26           8         811         898
          24          11          26           9         817         905
          24          11          23           0         853        1010
          24          11          23           1         891        1016
          24          11          23           2         748         854
          24          11          23           3         786         906
          24          11          23           4         893        1009
          24          11          23           5         729         841
          24          11          23           6         698         824
          24          11          23           7         790         898
          24          11          23           8         814         930
          24          11          23           9         831         939
          24          11          23          10         723         839
          24          11          23          11         791         928
          24          11          25           0         872         987
          24          11          25           1         682         791
          24          11          25           2         852         961
          24          11          25           3         661         767
          24          11          25           4         686         792
          24          11          26          10         766         903
          24          11          26          11         698         811
          24          11          26          12         781         837
          24          11          26          13         704         825
          24          11          26          14         758         881
          24          11          24           0         921        1080
          24          11          24           1         796         929
          24          11          24           2         997        1131
          24          11          24           3         768         894
          24          11          24           4         757         880
          24          11          24           5         800         927
          24          11          24           6         916        1051
          24          11          24           7         871         990
          24          11          24           8         840         946
          24          11          24           9         942        1069
          24          11          24          10         944        1071
          24          11          24          11         890        1034
          24          11          27           0         787         956
          24          11          27           1         706         845
          24          11          27           2         855        1001
          24          11          27           3         846         998
          24          11          27           4         738         889
          24          11          27           8         850        1030
          24          11          27           9         710         862
          24          11          27          10         741         896
          24          11          27          11         692         841
          24          11          27          12         693         852
