#Wed May 14 12:36:51 2025
# Copy file into sbs-onl@sbsvtp#:~/cfg/pedestals for online pedestal subtraction
# format = crate, slot, mpd, adc_ch, CM min, CM max
          58          11           0           0         330         480
          58          11           0           1         292         464
          58          11           0           2         435         583
          58          11           0           3         440         590
          58          11           0           4         444         603
          58          11           0           5         396         550
          58          11           0           6         471         620
          58          11           0           7         415         579
          58          11           0           8         362         481
          58          11           0           9         428         571
          58          11           0          10         431         559
          58          11           0          11         448         593
          58          11           0          12         372         470
          58          11           0          13         436         542
          58          11           0          14         482         591
          58          11           1           0         472         611
          58          11           1           1         347         465
          58          11           1           2         461         598
          58          11           1           4        1875        1957
          58          11           1           5        1907        1968
          58          11           1           6        1908        1987
          58          11           1           7        1924        1990
          58          11           1           8         475         611
          58          11           1           9         345         468
          58          11           1          10         446         552
          58          11           1          11         356         460
          58          11           1          12         561         644
          58          11           1          13         474         571
          58          11           1          14         246         324
          58          11           2           3         382         479
          58          11           2           2         427         531
          58          11           2           1         504         631
          58          11           2           0         376         516
          58          11           2           7         276         415
          58          11           2           6         332         499
          58          11           2           5         430         611
          58          11           2           4         474         617
          58          11           2          14         513         646
          58          11           2          13         454         605
          58          11           2          12         399         528
          58          11           2          11         510         628
          58          11           2          10         532         636
          58          11           2           9         545         664
          58          11           2           8         466         582
          58          11           3           3         454         580
          58          11           3           2         471         601
          58          11           3           1         428         588
          58          11           3           0         357         497
          58          11           3           7         486         632
          58          11           3           6         440         575
          58          11           3           5         416         569
          58          11           3           4         438         567
          58          11           3          13         424         508
          58          11           3          12         355         500
          58          11           3          11         470         589
          58          11           3          10         439         544
          58          11           3           9         443         548
          58          11           3           8         547         636
          58          11           4           0         292         465
          58          11           4           1         257         429
          58          11           4           2         394         574
          58          11           4           3         462         631
          58          11           4           4         557         723
          58          11           4           5         312         488
          58          11           4           6         303         472
          58          11           4           7         434         606
          58          11           4           8         492         622
          58          11           4           9         390         540
          58          11           4          10         488         615
          58          11           4          11         419         600
          58          11           4          12         257         436
          58          11           4          13         387         570
          58          11           4          14         343         587
          58          11           5           0         463         639
          58          11           5           1         546         722
          58          11           5           2         562         746
          58          11           5           4         343         487
          58          11           5           5         433         559
          58          11           5           6         475         594
          58          11           5           7         477         606
          58          11           5           8         452         568
          58          11           5           9         404         526
          58          11           5          10         447         553
          58          11           5          11         498         605
          58          11           5          12         499         593
          58          11           5          13         459         539
          58          11           5          14         431         524
          58          11           6           3         516         590
          58          11           6           2         437         532
          58          11           6           1         518         655
          58          11           6           0         464         622
          58          11           6           7         442         607
          58          11           6           6         302         488
          58          11           6           5         369         557
          58          11           6           4         491         641
          58          11           6          14         404         541
          58          11           6          13         419         562
          58          11           6          12         387         544
          58          11           6          11         396         526
          58          11           6          10         441         558
          58          11           6           9         480         639
          58          11           6           8         493         638
          58          11           7           3         434         624
          58          11           7           2         395         543
          58          11           7           1         425         579
          58          11           7           0         426         568
          58          11           7           7         443         609
          58          11           7           6         431         591
          58          11           7           5         459         672
          58          11           7           4         402         614
          58          11           7          13         315         385
          58          11           7          12         244         375
          58          11           7          11         511         647
          58          11           7          10         395         517
          58          11           7           9         374         503
          58          11           7           8         572         679
          58          11           8           0         448         518
          58          11           8           1         435         566
          58          11           8           2         542         629
          58          11           8           3         512         634
          58          11           8           4         450         532
          58          11           8           5         233         337
          58          11           8           6         554         632
          58          11           8           7         442         522
          58          11           8           8         465         551
          58          11           8           9         503         601
          58          11           8          10         473         560
          58          11           8          11         489         568
          58          11           8          12         416         534
          58          11           8          13         387         498
          58          11           8          14         490         634
          58          11           9           0         293         382
          58          11           9           1         422         541
          58          11           9           2         501         584
          58          11           9           3         317         404
          58          11           9           4         281         419
          58          11           9           5         344         460
          58          11           9           6         466         563
          58          11           9           7         448         554
          58          11           9           8         433         528
          58          11           9           9         535         638
          58          11           9          10         274         359
          58          11           9          11         365         454
          58          11           9          12         313         459
          58          11           9          13         398         532
          58          11           9          14         424         543
          58          11          10           0         403         483
          58          11          10           1         572         660
          58          11          10           2         456         534
          58          11          10           3         388         448
          58          11          10           4         518         626
          58          11          10           5         445         566
          58          11          10           6         444         542
          58          11          10           7         475         573
          58          11          10           8         493         602
          58          11          10           9         345         451
          58          11          10          10         430         527
          58          11          10          11         530         625
          58          11          10          12         441         566
          58          11          10          13         384         483
          58          11          10          14         500         588
          58          11          11           0         282         383
          58          11          11           1         430         544
          58          11          11           2         283         376
          58          11          11           3         446         547
          58          11          11           4         240         351
          58          11          11           5         512         630
          58          11          11           6         304         408
          58          11          11           7         481         577
          58          11          11           8         455         555
          58          11          11           9         389         481
          58          11          11          10         480         568
          58          11          11          11         308         401
          58          11          11          12         485         582
          58          11          11          13         472         565
          58          11          11          14         427         549
          20          11           0           0         466         526
          20          11           0           1         481         575
          20          11           0           2         443         522
          20          11           0           3         503         591
          20          11           0           4         539         642
          20          11           0           5         518         619
          20          11           0           6         440         522
          20          11           0           7         378         473
          20          11           0           8         309         397
          20          11           0           9         446         557
          20          11           0          10         549         643
          20          11           0          11         356         447
          20          11           0          12         495         596
          20          11           0          13         362         467
          20          11           0          14        2021        2059
          20          11           1           0         463         572
          20          11           1           1         455         561
          20          11           1           2         412         503
          20          11           1           3         469         570
          20          11           1           4         372         474
          20          11           1           5         479         589
          20          11           1           6         497         587
          20          11           1           7         309         420
          20          11           1           8         424         520
          20          11           1           9         228         317
          20          11           1          10         330         402
          20          11           1          11         231         315
          20          11           1          12         409         545
          20          11           1          13         461         585
          20          11           1          14         433         592
          20          11           2           0         512         587
          20          11           2           1         501         585
          20          11           2           2         555         619
          20          11           2           3         476         538
          20          11           2           4         519         606
          20          11           2           5         469         555
          20          11           2           6         488         561
          20          11           2           7         467         547
          20          11           2           8         518         612
          20          11           2           9         542         638
          20          11           2          10         491         578
          20          11           2          11         464         556
          20          11           2          12         405         514
          20          11           2          13         446         560
          20          11           2          14         445         553
          20          11           3           0         446         539
          20          11           3           1         466         564
          20          11           3           2         484         573
          20          11           3           3         474         551
          20          11           3           4         422         525
          20          11           3           5         279         366
          20          11           3           6         465         549
          20          11           3           7         471         570
          20          11           3           8         418         524
          20          11           3           9         455         564
          20          11           3          10         423         505
          20          11           3          11           0           0
          20          11           3          12         509         646
          20          11           3          13         402         533
          20          11           3          14         419         564
          20          11           4           0         401         480
          20          11           4           1         408         502
          20          11           4           2         474         574
          20          11           4           3         456         555
          20          11           4           4         668         766
          20          11           4           5         609         711
          20          11           4           6         546         653
          20          11           4           7         615         736
          20          11           4           8         391         524
          20          11           4           9         582         717
          20          11           4          10         409         534
          20          11           4          11         537         669
          20          11           4          12         529         674
          20          11           4          13         526         684
          20          11           4          14         479         666
          20          11           5           0         451         589
          20          11           5           1         271         423
          20          11           5           2         479         598
          20          11           5           3         648         722
          20          11           5           4         453         581
          20          11           5           5         499         639
          20          11           5           6         549         657
          20          11           5           7         496         608
          20          11           5           8         454         580
          20          11           5           9         485         585
          20          11           5          10         539         623
          20          11           5          11         491         570
          20          11           5          12         550         719
          20          11           5          13         582         722
          20          11           5          14         344         474
          20          11           6           0         513         598
          20          11           6           1         437         520
          20          11           6           2         558         629
          20          11           6           3         535         615
          20          11           6           4         400         514
          20          11           6           5         426         551
          20          11           6           6         451         561
          20          11           6           7         562         654
          20          11           6           8         479         548
          20          11           6           9         392         532
          20          11           6          10         488         603
          20          11           6          11         477         592
          20          11           6          12         516         658
          20          11           6          13         420         532
          20          11           6          14         455         576
          20          11           8           0         365         496
          20          11           8           1         489         621
          20          11           8           2         474         625
          20          11           8           3         541         673
          20          11           8           4         345         458
          20          11           8           5         450         585
          20          11           8           6         442         567
          20          11           8           7         493         625
          20          11           8           8         474         549
          20          11           8           9         490         583
          20          11           8          10         441         547
          20          11           8          11         582         707
          20          11           8          12         394         550
          20          11           8          13         391         552
          20          11           8          14         441         605
          20          11           9           0         502         602
          20          11           9           1         553         674
          20          11           9           2         322         438
          20          11           9           3         328         494
          20          11           9           4         526         701
          20          11           9           5         388         696
          20          11           9           6         249         481
          20          11           9           7        1119        1266
          20          11           9           8         436         601
          20          11           9           9         542         691
          20          11           9          10         464         643
          20          11           9          11         504         658
          20          11           9          12         349         550
          20          11           9          13         336         553
          20          11           9          14         355         584
          20          11          10           0         344         498
          20          11          10           1         366         503
          20          11          10           2         486         604
          20          11          10           3         291         403
          20          11          10           4         233         373
          20          11          10           5         444         582
          20          11          10           6         374         495
          20          11          10           7         438         549
          20          11          10           8         536         674
          20          11          10           9         425         575
          20          11          10          10         393         524
          20          11          10          11         416         538
          20          11          10          12         371         527
          20          11          10          13         498         634
          20          11          10          14         435         557
          20          11          11           0         503         584
          20          11          11           1         368         453
          20          11          11           2         424         509
          20          11          11           3         360         426
          20          11          11           4         500         621
          20          11          11           5         368         486
          20          11          11           6         449         566
          20          11          11           7         485         608
          20          11          11           8         483         608
          20          11          11           9         528         656
          20          11          11          10         411         526
          20          11          11          11         507         617
          20          11          11          12         430         586
          20          11          11          13         421         576
          20          11          11          14         507         662
          25          11           0           0         460         580
          25          11           0           1         408         545
          25          11           0           2         453         567
          25          11           0           3         425         553
          25          11           0           4         615         732
          25          11           0           5         541         664
          25          11           0           6         632         748
          25          11           0           7         629         750
          25          11           0           8         627         711
          25          11           0           9         445         546
          25          11           0          10         622         726
          25          11           0          11         564         683
          25          11           0          12         390         508
          25          11           0          13         361         504
          25          11           0          14         367         535
          25          11           1           0         534         666
          25          11           1           1         569         681
          25          11           1           2         537         652
          25          11           1           3         563         666
          25          11           1           4         530         632
          25          11           1           5         483         594
          25          11           1           6         546         676
          25          11           1           7         612         720
          25          11           1           8         559         657
          25          11           1           9         602         713
          25          11           1          10         551         661
          25          11           1          11         453         567
          25          11           5          10         523         650
          25          11           5          11         473         641
          25          11           5          12         520         636
          25          11           5          13         523         648
          25          11           5          14         501         623
          25          11           6           0         536         665
          25          11           6           1         514         681
          25          11           6           2         505         616
          25          11           6           3         497         607
          25          11           6           4         469         582
          25          11           2           0         409         537
          25          11           2           1         611         711
          25          11           2           2         432         544
          25          11           2           3         407         502
          25          11           2           4         536         637
          25          11           2           5         563         663
          25          11           2           6         604         712
          25          11           2           7         563         665
          25          11           2           8         517         611
          25          11           2           9         545         640
          25          11           2          10         515         619
          25          11           2          11           0           0
          25          11           5           5         479         605
          25          11           5           6         483         586
          25          11           5           7         353         451
          25          11           5           8         491         601
          25          11           5           9         343         442
          25          11           6           5         387         493
          25          11           6           6         316         418
          25          11           6           7         445         549
          25          11           6           8         309         401
          25          11           6           9         518         615
          25          11           3           0         564         685
          25          11           3           1         556         636
          25          11           3           2         368         464
          25          11           3           3         477         560
          25          11           3           4         554         640
          25          11           3           5         560         648
          25          11           3           6         571         678
          25          11           3           7         450         530
          25          11           3           8         625         702
          25          11           3           9         737         817
          25          11           3          10         423         504
          25          11           3          11         641         747
          25          11           5           0         434         537
          25          11           5           1         378         471
          25          11           5           2         430         520
          25          11           5           3         443         532
          25          11           5           4         488         586
          25          11           6          10         489         578
          25          11           6          11         323         408
          25          11           6          12         287         369
          25          11           6          13         508         598
          25          11           6          14         520         615
          25          11           4           0         459         567
          25          11           4           1         430         513
          25          11           4           2         354         449
          25          11           4           3         371         460
          25          11           4           4         391         474
          25          11           4           5         466         555
          25          11           4           6         604         704
          25          11           4           7         552         633
          25          11           4           8         532         614
          25          11           4           9         537         616
          25          11           4          10         628         709
          25          11           4          11         557         663
          25          11           7           0         588         690
          25          11           7           1         715         814
          25          11           7           2         559         681
          25          11           7           3         661         758
          25          11           7           4         660         749
          25          11           7           8         487         575
          25          11           7           9         430         511
          25          11           7          10         418         509
          25          11           7          11         463         557
          25          11           7          12         480         575
          24          11           0           0         375         487
          24          11           0           1         503         592
          24          11           0           2         372         473
          24          11           0           3         499         585
          24          11           0           4         652         743
          24          11           0           5         426         520
          24          11           0           6         602         711
          24          11           0           7         349         432
          24          11           0           8         412         495
          24          11           0           9         401         482
          24          11           0          10         603         683
          24          11           0          11         596         697
          24          11           4          10         402         503
          24          11           4          11         421         513
          24          11           4          12         403         490
          24          11           4          13         373         463
          24          11           4          14         306         396
          24          11           5           0         530         630
          24          11           5           1         524         619
          24          11           5           2         520         623
          24          11           5           3         490         580
          24          11           5           4         373         469
          24          11           1           0         421         524
          24          11           1           1         740         828
          24          11           1           2         595         682
          24          11           1           3         668         762
          24          11           1           4         523         609
          24          11           1           5         493         577
          24          11           1           6         563         668
          24          11           1           7         574         659
          24          11           1           8         550         634
          24          11           1           9         576         661
          24          11           1          10         672         759
          24          11           1          11         389         478
          24          11           4           5         336         429
          24          11           4           6         343         436
          24          11           4           7         583         678
          24          11           4           8         451         539
          24          11           4           9         448         545
          24          11           5           5         462         565
          24          11           5           6         543         634
          24          11           5           7         546         643
          24          11           5           8         381         472
          24          11           5           9         378         468
          24          11           2           0         403         528
          24          11           2           1         531         611
          24          11           2           2         585         682
          24          11           2           3         425         517
          24          11           2           4         539         635
          24          11           2           5         611         697
          24          11           2           6         521         629
          24          11           2           7         578         673
          24          11           2           8         469         558
          24          11           2           9         622         726
          24          11           2          10         515         616
          24          11           2          11         435         553
          24          11           4           0         430         524
          24          11           4           1         488         585
          24          11           4           2         473         594
          24          11           4           3         527         636
          24          11           4           4         485         589
          24          11           5          10         561         659
          24          11           5          11         500         594
          24          11           5          12         522         612
          24          11           5          13         488         592
          24          11           5          14         392         493
          24          11           3           0         595         712
          24          11           3           1         605         690
          24          11           3           2         512         616
          24          11           3           3         639         704
          24          11           3           4         572         661
          24          11           3           5         645         733
          24          11           3           6         459         553
          24          11           3           7         613         685
          24          11           3           8         543         624
          24          11           3           9         730         825
          24          11           3          10         535         619
          24          11           3          11         625         753
          24          11           6           0         463         562
          24          11           6           1         458         545
          24          11           6           2         496         597
          24          11           6           3         287         382
          24          11           6           4         472         564
          24          11           6           8         438         541
          24          11           6           9         355         451
          24          11           6          10         456         564
          24          11           6          11         521         616
          24          11           6          12         440         538
