#Fri Nov  8 19:02:09 2024
# Copy this file into $DB_DIR/gemped to use these pedestals for analysis
# format = crate, slot, mpd, adc_ch, CM mean, CM RMS
          24          11           0           0         501.94         16.454
          24          11           0           1         554.23         16.493
          24          11           0           2         454.26         15.372
          24          11           0           3         514.86         15.983
          24          11           0           4         536.04         16.142
          24          11           0           5         481.45         15.339
          24          11           0           6         556.37          15.42
          24          11           0           7         507.19         19.659
          24          11           0           8         432.93         13.462
          24          11           0           9         511.94         15.412
          24          11           0          10         505.99         15.183
          24          11           0          11         532.55          16.86
          24          11           0          12         424.44         11.144
          24          11           0          13            494         11.878
          24          11           0          14         543.58         12.208
          24          11           1           0         578.07         7.5993
          24          11           1           1         552.87           11.4
          24          11           1           2         442.46         16.782
          24          11           1           4         502.91         15.452
          24          11           1           5         602.36         13.325
          24          11           1           6         511.16         12.265
          24          11           1           7          525.3         13.972
          24          11           1           8         546.19          13.24
          24          11           1           9         410.33         11.997
          24          11           1          10         506.53           10.3
          24          11           1          11         412.56         9.7399
          24          11           1          12         609.35         8.9269
          24          11           1          13         530.86         10.319
          24          11           1          14          292.1         9.2564
          24          11           2           3         405.93         9.0564
          24          11           2           2         453.27         9.9837
          24          11           2           1         541.76         11.401
          24          11           2           0         424.84         12.057
          24          11           2           7         322.44         13.927
          24          11           2           6         396.28         15.877
          24          11           2           5         502.31         16.767
          24          11           2           4         524.39         12.542
          24          11           2          14         555.69         11.387
          24          11           2          13         505.77         11.811
          24          11           2          12         447.88         10.931
          24          11           2          11         540.01         13.374
          24          11           2          10         560.57         11.882
          24          11           2           9         581.75         12.462
          24          11           2           8         498.53          13.19
          24          11           3           3         592.46         14.962
          24          11           3           2         540.18         14.809
          24          11           3           1         551.99         13.891
          24          11           3           0         503.29         14.089
          24          11           3           7         540.26         14.065
          24          11           3           6         491.27         12.246
          24          11           3           5         473.05         12.622
          24          11           3           4         492.77         11.591
          24          11           3          13         437.88         7.8511
          24          11           3          12         411.82         10.981
          24          11           3          11         517.63         11.489
          24          11           3          10         467.92         10.431
          24          11           3           9         472.01         9.9454
          24          11           3           8         578.15         8.9404
          24          11           4           0         366.15         14.719
          24          11           4           1          331.4         15.633
          24          11           4           2          473.1         15.948
          24          11           4           3         534.26         15.181
          24          11           4           4         626.32         15.834
          24          11           4           5         388.99         17.816
          24          11           4           6         376.13         16.006
          24          11           4           7         510.04         16.473
          24          11           4           8          541.2         13.354
          24          11           4           9         449.61         16.299
          24          11           4          10         536.34         12.307
          24          11           4          11         495.48         17.372
          24          11           4          12         330.43         16.501
          24          11           4          13         464.32         15.677
          24          11           4          14         443.16             22
          24          11           5           0         532.96         16.594
          24          11           5           1         615.77         15.975
          24          11           5           2         635.78         17.321
          24          11           5           4          401.4         14.419
          24          11           5           5         481.69         12.484
          24          11           5           6         520.86         12.028
          24          11           5           7         526.13         13.338
          24          11           5           8         493.58         12.191
          24          11           5           9         449.21         12.761
          24          11           5          10         484.41         10.661
          24          11           5          11         536.27         10.813
          24          11           5          12         513.57         8.2864
          24          11           5          13          473.4         7.3111
          24          11           5          14         451.35         9.0391
          24          11           6           3          560.1         7.0995
          24          11           6           2         493.98         9.2552
          24          11           6           1         594.96         12.744
          24          11           6           0         548.66         14.305
          24          11           6           7          530.2         14.449
          24          11           6           6         401.69          16.47
          24          11           6           5          468.7         16.522
          24          11           6           4         572.13         14.322
          24          11           6          14          471.6         12.398
          24          11           6          13         544.24         15.919
          24          11           6          12         550.79         15.389
          24          11           6          11              0              0
          24          11           6          10         506.69         13.538
          24          11           6           9         511.58         14.277
          24          11           6           8         487.19         16.167
          24          11           7           3         536.04         17.546
          24          11           7           2         474.11         14.105
          24          11           7           1         503.88         15.042
          24          11           7           0         502.16         14.385
          24          11           7           7         534.39         16.702
          24          11           7           6         516.22         15.367
          24          11           7           5         568.96         20.592
          24          11           7           4         512.24          20.83
          24          11           7          13         435.73         13.177
          24          11           7          12         625.24         10.786
          24          11           7          11              0              0
          24          11           7          10         476.41          4.629
          24          11           7           9         367.18         7.7624
          24          11           7           8         330.99         15.206
          24          11           8           0         527.37         8.1561
          24          11           8           1         574.79         16.242
          24          11           8           2         603.88         9.4241
          24          11           8           3         597.16         13.405
          24          11           8           4         499.34         10.464
          24          11           8           5         289.02         13.123
          24          11           8           6         610.48         10.505
          24          11           8           7         515.29          10.01
          24          11           8           8         485.24         12.288
          24          11           8           9         561.71         12.805
          24          11           8          10         549.51         11.031
          24          11           8          11         566.56          9.014
          24          11           8          12         477.54         13.333
          24          11           8          13         439.18         12.781
          24          11           8          14         595.01         17.582
          24          11           9           0         343.33         9.7067
          24          11           9           1         491.06         12.251
          24          11           9           2         550.48         8.4058
          24          11           9           3         368.83         9.3277
          24          11           9           4         354.86         14.497
          24          11           9           5         407.99          11.33
          24          11           9           6         521.42         8.9397
          24          11           9           7         510.02         9.7192
          24          11           9           8         488.78         9.3668
          24          11           9           9            595         9.5669
          24          11           9          10         325.31         8.0651
          24          11           9          11          420.1         8.4311
          24          11           9          12         396.07         16.514
          24          11           9          13         475.73         14.249
          24          11           9          14         498.58          12.64
          24          11          10           0          405.6          9.885
          24          11          10           1         578.19         10.505
          24          11          10           2         457.25         9.3049
          24          11          10           3         379.27         6.6584
          24          11          10           4         536.82         13.672
          24          11          10           5         471.04         13.765
          24          11          10           6         458.13         11.811
          24          11          10           7         487.49         12.316
          24          11          10           8         517.07         12.447
          24          11          10           9         369.04         11.025
          24          11          10          10         446.98         11.324
          24          11          10          11         546.89         11.574
          24          11          10          12            474         11.653
          24          11          10          13         403.99         9.6124
          24          11          10          14         514.58         8.9568
          24          11          11           0         300.99         20.291
          24          11          11           1         457.96         15.313
          24          11          11           2         301.46         12.247
          24          11          11           3              0              0
          24          11          11           4         273.03         11.765
          24          11          11           5         550.03         12.137
          24          11          11           6         335.43         10.898
          24          11          11           7         510.25         13.096
          24          11          11           8         480.69          9.867
          24          11          11           9         409.89         9.4589
          24          11          11          10         500.46         8.7712
          24          11          11          11         331.56         9.0691
          24          11          11          12         506.89         12.104
          24          11          11          13         493.09         9.8986
          24          11          12           0         515.37         5.9977
          24          11          12           1         549.64         8.9249
          24          11          12           2         501.64         7.2097
          24          11          12           3         564.54         8.7835
          24          11          12           4         605.86         11.077
          24          11          12           5         583.57         9.7929
          24          11          12           6         495.44         7.8706
          24          11          12           7         434.97          9.263
          24          11          12           8         371.26         9.5508
          24          11          12           9         524.58         11.181
          24          11          12          10         618.96         9.1894
          24          11          12          11         424.03         8.6624
          24          11          12          12         528.54         12.921
          24          11          12          13         509.76         13.661
          24          11          12          14              0              0
          24          11          17           0          522.6          12.77
          24          11          13           1         513.87         10.466
          24          11          13           2          462.6         9.3367
          24          11          13           3         524.54         10.207
          24          11          13           4         429.94         9.9943
          24          11          13           5         537.39         10.873
          24          11          13           6         546.35          8.914
          24          11          13           7         369.71         11.335
          24          11          13           8         480.02         9.0244
          24          11          13           9         278.69         9.4246
          24          11          13          10         370.66         7.1188
          24          11          13          11         276.76         8.1669
          24          11          13          12         582.94         14.212
          24          11          13          13         365.69         11.604
          24          11          13          14         567.36         10.246
          24          11          14           0         512.66         8.2779
          24          11          14           1         505.48         8.5677
          24          11          14           2          547.3         6.3799
          24          11          14           3         468.11         6.5942
          24          11          14           4          538.7          8.204
          24          11          14           5         487.36         8.1523
          24          11          14           6         498.79         7.3826
          24          11          14           7         479.39          8.206
          24          11          14           8         531.24         9.0263
          24          11          14           9         559.33         9.3433
          24          11          14          10         502.34         8.6315
          24          11          14          11         476.46         9.2587
          24          11          14          12         429.48         12.196
          24          11          14          13         473.12         12.456
          24          11          14          14         468.95         11.492
          24          11          15           0          474.6         9.1381
          24          11          15           1         497.68         9.7801
          24          11          15           2         480.22         8.4941
          24          11          15           3         496.42         7.3225
          24          11          15           4         458.68         9.7802
          24          11          15           5         307.21         8.9795
          24          11          15           6         491.81         8.6218
          24          11          15           7         505.94          9.981
          24          11          15           8         454.26         11.914
          24          11          15           9         494.36         10.585
          24          11          15          10         450.39         7.7374
          24          11          15          11         446.29         9.6435
          24          11          15          12         561.12         13.239
          24          11          15          13          451.6         12.283
          24          11          15          14          477.1         13.791
          24          11          16           0         456.29         7.4898
          24          11          16           1         476.14         8.9613
          24          11          16           2         547.68         9.1999
          24          11          16           3         527.64         9.1784
          24          11          16           4         828.22         11.029
          24          11          16           5         770.35         10.842
          24          11          16           6         704.28         10.921
          24          11          16           7         777.26          11.63
          24          11          16           8          468.9         12.836
          24          11          16           9         664.03         12.348
          24          11          16          10         487.21         10.849
          24          11          16          11         622.98          11.34
          24          11          16          12         605.88         14.317
          24          11          16          13         617.41         14.624
          24          11          16          14         580.99         17.127
          24          11          17           0          522.6          12.77
          24          11          17           1          350.3         14.296
          24          11          17           2         542.58         10.725
          24          11          17           3         664.33         7.3479
          24          11          17           4         537.68         12.495
          24          11          17           5         590.89         13.232
          24          11          17           6         625.48         10.304
          24          11          17           7         575.21          10.67
          24          11          17           8         528.13         11.143
          24          11          17           9         547.43         9.1516
          24          11          17          10         592.13          8.126
          24          11          17          11         540.76         8.2464
          24          11          17          12         704.46         14.119
          24          11          17          13         728.01         12.121
          24          11          17          14         483.07         11.701
          24          11          18           0         528.14         8.6186
          24          11          18           1         449.23         8.8459
          24          11          18           2         563.34         7.3377
          24          11          18           3         549.21         8.2691
          24          11          18           4         428.06         10.357
          24          11          18           5         462.13         11.771
          24          11          18           6         478.23         10.917
          24          11          18           7         582.24         8.9504
          24          11          18           8         492.47         6.4926
          24          11          18           9         442.22         14.014
          24          11          18          10         525.07         10.633
          24          11          18          11         514.23         10.638
          24          11          18          12         568.55         13.931
          24          11          18          13          447.5         10.915
          24          11          18          14         496.35         11.203
          24          11          20           0         471.79         14.484
          24          11          20           1         592.14         12.633
          24          11          20           2         590.46         15.153
          24          11          20           3         648.76         12.806
          24          11          20           4          385.3          11.11
          24          11          20           5         501.94         12.168
          24          11          20           6          486.4         11.133
          24          11          20           7         542.13         11.316
          24          11          20           8         491.75         7.1541
          24          11          20           9         517.68          8.414
          24          11          20          10         473.12         9.2553
          24          11          20          11         625.11         11.319
          24          11          20          12         453.11         14.653
          24          11          20          13         457.15         15.342
          24          11          20          14         504.19         14.953
          24          11          21           0         552.31         11.059
          24          11          21           1         622.45         14.072
          24          11          21           2         382.72         13.915
          24          11          21           3         404.66         17.599
          24          11          21           4         473.08         18.937
          24          11          21           5         539.94          40.38
          24          11          21           6         358.41          27.12
          24          11          21           7         1180.2         16.238
          24          11          21           8         516.16         21.709
          24          11          21           9            617         17.178
          24          11          21          10         551.91         16.535
          24          11          21          11         574.15         12.253
          24          11          21          12         422.11         18.249
          24          11          21          13            421         19.771
          24          11          21          14         443.25         21.286
          24          11          22           0         427.27         14.884
          24          11          22           1         441.33         13.913
          24          11          22           2         551.49         11.528
          24          11          22           3         353.38         10.904
          24          11          22           4          318.9         12.209
          24          11          22           5         529.23         13.069
          24          11          22           6         450.08         10.354
          24          11          22           7         508.09         10.527
          24          11          22           8         569.07         9.7395
          24          11          22           9         512.73         11.198
          24          11          22          10         473.54         9.0331
          24          11          22          11         494.31         7.9208
          24          11          22          12         497.94         12.512
          24          11          22          13         616.17         12.543
          24          11          22          14         564.89         11.954
          24          11          23           0         504.41         10.661
          24          11          23           1         374.31         11.342
          24          11          23           2         429.34         9.6253
          24          11          23           3         355.17         7.2161
          24          11          23           4         523.74         14.014
          24          11          23           5          387.8         14.593
          24          11          23           6         472.63         12.609
          24          11          23           7         509.27         13.958
          24          11          23           8         522.14         11.113
          24          11          23           9         567.73         12.174
          24          11          23          10         541.62          10.83
          24          11          23          11         537.54         10.256
          24          11          23          12         482.71          14.47
          24          11          23          13         474.55         13.979
          24          11          23          14         565.66         13.818
          24          11          24           0         497.19          11.99
          24          11          24           1         454.36         14.055
          24          11          24           2         490.52         11.945
          24          11          24           3         470.52         13.599
          24          11          24           4         528.75         12.522
          24          11          24           5          455.4         13.921
          24          11          24           6         548.89         12.008
          24          11          24           7         548.09         12.522
          24          11          24           8         533.07         8.9119
          24          11          24           9         360.63         10.868
          24          11          24          10         543.19         10.009
          24          11          24          11         485.46         10.665
          24          11          24          12         426.13         11.412
          24          11          24          13         408.13         13.598
          24          11          24          14         431.07         14.932
          24          11          25           0          638.2         11.189
          24          11          25           1          665.1         9.4555
          24          11          25           2         636.93         10.065
          24          11          25           3         657.74         8.8638
          24          11          25           4         622.43         8.8175
          24          11          25           5         581.02         9.3042
          24          11          25           6         650.26         10.909
          24          11          25           7         706.26         8.8034
          24          11          25           8         650.51         8.1282
          24          11          25           9         702.16         9.0308
          24          11          25          10         647.32         9.1139
          24          11          25          11         556.34          9.461
          24          11          29          10         498.71         10.596
          24          11          29          11         472.33          13.87
          24          11          29          12         488.61         9.8206
          24          11          29          13         497.21         10.154
          24          11          29          14         471.45         10.214
          24          11          30           0         638.14         11.227
          24          11          30           1         634.62         14.796
          24          11          30           2         595.74         9.4299
          24          11          30           3         586.34         9.3633
          24          11          30           4         559.25         10.114
          24          11          26           0         528.28         12.509
          24          11          26           1         709.37         10.072
          24          11          26           2         528.04         11.086
          24          11          26           3         497.07         9.3708
          24          11          26           4         616.83         10.077
          24          11          26           5         645.47         10.011
          24          11          26           6         685.66         10.478
          24          11          26           7         641.45         9.8219
          24          11          26           8         593.58         9.4108
          24          11          26           9         620.83         9.2665
          24          11          26          10         597.03         10.088
          24          11          26          11              0              0
          24          11          29           5          463.2         13.346
          24          11          29           6         449.94         10.298
          24          11          29           7         324.39         9.8779
          24          11          29           8         463.21         10.951
          24          11          29           9         311.39         10.414
          24          11          30           5         483.38         10.645
          24          11          30           6         409.43         10.231
          24          11          30           7         537.97         10.351
          24          11          30           8         392.37         9.2532
          24          11          30           9         605.45         9.8232
          24          11          27           0         523.04         13.705
          24          11          27           1         497.76         9.5166
          24          11          27           2         317.54         10.881
          24          11          27           3         421.88         9.8297
          24          11          27           4         495.28         9.8521
          24          11          27           5         504.52         10.195
          24          11          27           6         525.69         12.145
          24          11          27           7         390.26         9.0092
          24          11          27           8         568.89         8.9992
          24          11          27           9         681.37         9.3235
          24          11          27          10         360.98         9.0918
          24          11          27          11         597.13         12.531
          24          11          29           0          389.5         11.429
          24          11          29           1         488.08         10.425
          24          11          29           2         523.51         10.628
          24          11          29           3          550.3         10.196
          24          11          29           4         513.72          9.544
          24          11          30          10         571.56         10.238
          24          11          30          11         401.31         9.3576
          24          11          30          12          363.1         9.3398
          24          11          30          13         587.83         10.172
          24          11          30          14         605.46         10.621
          24          11          28           0         421.67         12.167
          24          11          28           1          377.9         9.2047
          24          11          28           2          306.5         10.629
          24          11          28           3         320.67          9.882
          24          11          28           4         333.18         9.5351
          24          11          28           5         412.57             10
          24          11          28           6         550.34         11.212
          24          11          28           7         493.24         9.3894
          24          11          28           8         473.77          9.515
          24          11          28           9         477.74         9.1415
          24          11          28          10         569.44         9.0013
          24          11          28          11         503.85         11.451
          24          11          31           0         637.41         11.316
          24          11          31           1         764.82         11.079
          24          11          31           2         619.79         13.801
          24          11          31           3         708.03          10.94
          24          11          31           4            703         10.061
          24          11          31           8         577.12           9.86
          24          11          31           9          517.2         8.9407
          24          11          31          10         506.34         9.7893
          24          11          31          11            555         9.8702
          24          11          31          12         574.99         10.654
          24          11          32           0         464.85         12.025
          24          11          32           1         577.39          10.42
          24          11          32           2         452.89         11.755
          24          11          32           3         573.49         10.019
          24          11          32           4          729.9         10.296
          24          11          32           5         505.32         10.873
          24          11          32           6         690.14         11.658
          24          11          32           7         423.49         9.8018
          24          11          32           8         487.44         10.023
          24          11          32           9         476.27         9.9296
          24          11          32          10         676.72         9.9324
          24          11          32          11         680.03         12.026
          24          11          36          10         434.54         12.428
          24          11          36          11         454.01         11.914
          24          11          36          12         441.26         11.544
          24          11          36          13          413.4         12.006
          24          11          36          14         344.71         11.856
          24          11          37           0         592.78         11.325
          24          11          37           1         576.51         10.938
          24          11          37           2          575.4         11.905
          24          11          37           3         540.97         10.455
          24          11          37           4         426.58         11.046
          24          11          33           0         490.22         11.058
          24          11          33           1         783.52         10.287
          24          11          33           2         637.03         9.8788
          24          11          33           3          719.1         10.294
          24          11          33           4         563.38         9.5572
          24          11          33           5         530.86         9.3981
          24          11          33           6         608.42         11.169
          24          11          33           7         603.99          9.251
          24          11          33           8         581.28         9.0245
          24          11          33           9         608.99         9.0036
          24          11          33          10         705.86         9.6375
          24          11          33          11         426.84         9.3131
          24          11          36           5            365          10.68
          24          11          36           6         374.83         11.005
          24          11          36           7         617.95         11.343
          24          11          36           8          479.5          10.62
          24          11          36           9         485.19         11.755
          24          11          37           5         524.93         10.858
          24          11          37           6         597.04         9.7203
          24          11          37           7         602.89         10.545
          24          11          37           8         438.26         9.8406
          24          11          37           9         434.61          9.391
          24          11          34           0         480.47         13.228
          24          11          34           1         586.57         9.2673
          24          11          34           2         648.15         10.974
          24          11          34           3         487.55         10.193
          24          11          34           4         603.17         11.125
          24          11          34           5          669.5         9.5192
          24          11          34           6         600.79         11.753
          24          11          34           7         640.29         9.7657
          24          11          34           8         525.52         9.1144
          24          11          34           9         686.83          10.25
          24          11          34          10         578.97         9.9739
          24          11          34          11         507.81         12.109
          24          11          36           0         472.04         11.674
          24          11          36           1         527.66         11.886
          24          11          36           2         527.12         14.539
          24          11          36           3         578.22         12.243
          24          11          36           4         532.76         12.082
          24          11          37          10         624.48         10.887
          24          11          37          11         559.97           10.6
          24          11          37          12         579.99          10.29
          24          11          37          13         552.19         11.164
          24          11          37          14         456.28         10.579
          24          11          35           0         600.94         12.908
          24          11          35           1         581.03         9.8727
          24          11          35           2         493.35         11.731
          24          11          35           3         614.35          7.547
          24          11          35           4         568.57         10.101
          24          11          35           5         639.84          9.909
          24          11          35           6         455.09         10.498
          24          11          35           7         598.13         8.9072
          24          11          35           8         533.15         9.2964
          24          11          35           9         723.68         10.814
          24          11          35          10         527.74          9.622
          24          11          35          11         638.76         14.679
          24          11          38           0         417.74         12.636
          24          11          38           1         395.64         11.664
          24          11          38           2         506.24         11.079
          24          11          38           3         341.49         11.464
          24          11          38           4         512.79         12.214
          24          11          38           8          503.2         12.396
          24          11          38           9         416.12         11.867
          24          11          38          10         521.96         12.974
          24          11          38          11          578.9         11.935
          24          11          38          12         501.41         11.766
