#Thu Jun 19 15:10:19 2025
# Copy this file into $DB_DIR/gemped to use these pedestals for analysis
# format = crate, slot, mpd, adc_ch, CM mean, CM RMS
          58          11          12           0         651.69         11.841
          58          11          12           1            795         10.773
          58          11          12           2         723.69         11.744
          58          11          12           3         762.34         11.597
          58          11          12           4         885.84         11.412
          58          11          12           5         838.43         10.696
          58          11          12           6         781.58         11.605
          58          11          12           7         841.71         9.9039
          58          11          12           8         758.13         9.2475
          58          11          12           9         648.85         9.4898
          58          11          12          10         597.52         9.5379
          58          11          12          11         783.47         12.222
          58          11          16          10         814.07          11.02
          58          11          16          11          891.5          10.73
          58          11          16          12         849.76         10.385
          58          11          16          13         883.57         10.628
          58          11          16          14         683.21         10.234
          58          11          17           0         591.17         13.288
          58          11          17           1          682.2         11.874
          58          11          17           2          740.3         12.629
          58          11          17           3         691.17         12.492
          58          11          17           4         669.53         12.179
          58          11          13           0         733.84         13.321
          58          11          13           1         691.45         8.3618
          58          11          13           2         791.71         10.134
          58          11          13           3         853.48         8.5327
          58          11          13           4         624.99         7.8239
          58          11          13           5         793.85         8.2074
          58          11          13           6         797.46         10.461
          58          11          13           7         878.48         8.3747
          58          11          13           8         667.07         8.1267
          58          11          13           9         770.45         8.0883
          58          11          13          10         650.19         9.2218
          58          11          13          11         735.82         9.7558
          58          11          16           5         774.12         8.5863
          58          11          16           6         831.93         9.3631
          58          11          16           7         873.93         8.4445
          58          11          16           8         666.69         9.2402
          58          11          16           9         908.19         9.2999
          58          11          17           5         753.01         10.305
          58          11          17           6         731.86         9.5545
          58          11          17           7         798.21         9.2138
          58          11          17           8         788.64         9.3072
          58          11          17           9          712.2         9.5904
          58          11          14           0         572.29         11.126
          58          11          14           1          664.4         8.9382
          58          11          14           2         560.59          11.96
          58          11          14           3         643.77         9.8063
          58          11          14           4         654.31         9.5955
          58          11          14           5         702.95         9.3785
          58          11          14           6         743.98         11.324
          58          11          14           7         788.43          8.535
          58          11          14           8         819.06         9.0815
          58          11          14           9         629.71         8.4479
          58          11          14          10          674.5         8.6299
          58          11          14          11         626.66         11.077
          58          11          16           0         894.77         9.6519
          58          11          16           1         791.99         8.9231
          58          11          16           2         681.54         9.5997
          58          11          16           3         799.85          9.138
          58          11          16           4         697.81         9.4373
          58          11          17          10         613.03         10.105
          58          11          17          11         546.48         9.2747
          58          11          17          12         480.96         8.3535
          58          11          17          13         661.06         8.7143
          58          11          17          14         628.42         9.7877
          58          11          15           0         916.26         12.898
          58          11          15           1         815.98         8.7993
          58          11          15           2         842.78          9.814
          58          11          15           3         789.86         8.4948
          58          11          15           4          890.8         8.5887
          58          11          15           5         826.95         8.1211
          58          11          15           6         904.55         9.7141
          58          11          15           7         782.14         8.0441
          58          11          15           8         713.28         7.7793
          58          11          15           9         980.99         8.7608
          58          11          15          10         746.18         8.0017
          58          11          15          11         784.99         9.9035
          58          11          18           0         798.38         11.076
          58          11          18           1         648.34         9.1749
          58          11          18           2         862.12          9.012
          58          11          18           3         746.68         8.3826
          58          11          18           4            711         8.7455
          58          11          18           8         824.38         10.595
          58          11          18           9          725.8         9.6866
          58          11          18          10         740.12         9.3109
          58          11          18          11          823.7         9.9843
          58          11          18          12         693.16         9.3201
          20          11          12           0         671.55         12.606
          20          11          12           1         745.44         10.134
          20          11          12           2         764.04         11.069
          20          11          12           3         758.14          12.73
          20          11          12           4         784.03         9.3717
          20          11          12           5         862.73         9.4467
          20          11          12           6         959.15         10.393
          20          11          12           7         794.87         9.7509
          20          11          12           8         788.52         10.458
          20          11          12           9         786.32         10.295
          20          11          12          10         773.27         9.4461
          20          11          12          11         914.68         11.035
          20          11          15          10         842.96         11.288
          20          11          15          11         859.81         10.675
          20          11          15          12         698.97         10.947
          20          11          15          13         671.98         11.061
          20          11          15          14            768         10.309
          58          11          20           0         1414.7         10.141
          58          11          20           1         812.93         13.799
          58          11          20           2         629.93         12.634
          58          11          20           3         618.95         12.325
          58          11          20           4         713.28         10.749
          58          11          19           0         870.15         12.113
          58          11          19           1         870.25         10.431
          58          11          19           2         795.68         9.4824
          58          11          19           3         928.21         9.8701
          58          11          19           4         819.59         9.4916
          58          11          19           5         831.22         9.4142
          58          11          19           6         882.91         10.227
          58          11          19           7         864.11         9.7596
          58          11          19           8         806.07         8.8777
          58          11          19           9          736.7         8.7044
          58          11          19          10         835.22         9.1195
          58          11          19          11         745.29         10.147
          20          11          15           5         898.65         11.517
          20          11          15           6         863.67         10.554
          20          11          15           7         739.28         9.7222
          20          11          15           8         865.51         9.8323
          20          11          15           9          838.2         9.9281
          58          11          20           5         689.48         10.812
          58          11          20           6         596.73         9.2427
          58          11          20           7         758.73          9.523
          58          11          20           8         854.42         11.497
          58          11          20           9         766.32         9.3148
          20          11          13           0         859.98         15.904
          20          11          13           1         837.89         10.133
          20          11          13           2         759.25         11.897
          20          11          13           3         629.76         7.7679
          20          11          13           4         727.26         8.7858
          20          11          13           5         888.39         9.0667
          20          11          13           6         832.83         10.737
          20          11          13           7         914.62         12.139
          20          11          13           8         729.68         8.4848
          20          11          13           9          638.9         8.4061
          20          11          13          10            929         9.4454
          20          11          13          11         781.59          11.17
          20          11          15           0         623.11         10.527
          20          11          15           1         851.92         10.141
          20          11          15           2         895.15         12.108
          20          11          15           3         735.01         10.879
          20          11          15           4          755.8         10.361
          58          11          20          10         807.26         10.595
          58          11          20          11         794.18         10.292
          58          11          20          12         705.98          10.14
          58          11          20          13         570.12         9.8422
          58          11          20          14         539.36          10.01
          20          11          14           0         850.46         12.532
          20          11          14           1         704.75         8.8915
          20          11          14           2         856.96         10.656
          20          11          14           3          663.7         9.0661
          20          11          14           4         881.05         9.3733
          20          11          14           5         693.58         8.0518
          20          11          14           6         717.39         9.2667
          20          11          14           7         890.36         8.6898
          20          11          14           8         726.43         7.6844
          20          11          14           9         852.24         8.1571
          20          11          14          10         692.37         8.1075
          20          11          14          11         780.06         12.363
          58          11          21           0         905.57         10.093
          58          11          21           1         621.12          8.952
          58          11          21           2         917.87         10.174
          58          11          21           3         711.75         9.4181
          58          11          21           4              0              0
          58          11          21           8         806.53         9.7623
          58          11          21           9         745.07         10.599
          58          11          21          10          688.3         9.2677
          58          11          21          11         738.08         9.0639
          58          11          21          12         715.36         10.144
          58          11          22           0         766.58         12.609
          58          11          22           1         858.17         8.7514
          58          11          22           2         856.12         10.229
          58          11          22           3         697.06         8.1794
          58          11          22           4         950.42         8.2295
          58          11          22           5         689.04          8.329
          58          11          22           6         786.89         9.1269
          58          11          22           7         991.18         8.5595
          58          11          22           8         1018.9         8.3476
          58          11          22           9         967.68         8.3271
          58          11          22          10         992.26         7.9082
          58          11          22          11         679.35         8.7224
          24          11           9          10         727.27         8.7648
          24          11           9          11         684.75         9.5661
          24          11           9          12         809.05          9.678
          24          11           9          13         564.49         9.5011
          24          11           9          14          736.9         10.129
          24          11          10           0         820.29         10.065
          24          11          10           1         822.75         7.8619
          24          11          10           2         977.19         9.1422
          24          11          10           3          859.9         8.2144
          24          11          10           4         913.94         8.3512
          58          11          23           0         842.92         10.287
          58          11          23           1         968.57         9.2963
          58          11          23           2         987.69         9.5378
          58          11          23           3         752.76         8.4967
          58          11          23           4          766.8         8.3909
          58          11          23           5         826.19         8.3346
          58          11          23           6         784.94         8.3183
          58          11          23           7         735.09         7.6732
          58          11          23           8         759.86         7.4864
          58          11          23           9         904.69         8.0721
          58          11          23          10         846.36         8.0735
          58          11          23          11         921.34         8.7263
          24          11           9           5         776.98         9.7964
          24          11           9           6         807.54         9.8684
          24          11           9           7         756.98         8.6602
          24          11           9           8         758.01         8.6787
          24          11           9           9         752.01         9.2714
          24          11          10           5         957.68         9.3226
          24          11          10           6         846.33         8.2244
          24          11          10           7         827.45         8.5046
          24          11          10           8         901.25         7.8937
          24          11          10           9         811.79         8.6004
          25          11           8           0         710.55         13.141
          25          11           8           1          970.1         12.613
          25          11           8           2         851.34         12.077
          25          11           8           3         719.29          11.51
          25          11           8           4         719.35         11.021
          25          11           8           5         745.77         10.785
          25          11           8           6         882.04         12.463
          25          11           8           7         738.08         11.666
          25          11           8           8          974.6         10.707
          25          11           8           9         690.02         10.004
          25          11           8          10          904.8         10.448
          25          11           8          11         789.41         11.877
          24          11           9           0         963.26         13.491
          24          11           9           1         905.25         12.659
          24          11           9           2         849.08         12.183
          24          11           9           3         723.98         12.556
          24          11           9           4         872.24         11.762
          24          11          10          10         944.73          12.41
          24          11          10          11         758.57         11.321
          24          11          10          12         764.85         11.853
          24          11          10          13         814.15         12.027
          24          11          10          14         916.05         11.649
          24          11           8           0         811.04         14.836
          24          11           8           1          720.2         8.5497
          24          11           8           2         580.56         12.333
          24          11           8           3         607.01         8.9333
          24          11           8           4         753.29         9.2168
          24          11           8           5          644.4         13.516
          24          11           8           6         690.15         10.419
          24          11           8           7         821.45         7.6733
          24          11           8           8         832.83         9.7265
          24          11           8           9         888.05         9.2396
          24          11           8          10         814.26         10.045
          24          11           8          11         812.62         10.467
          24          11          11           0         763.66         9.3013
          24          11          11           1         871.19         9.8744
          24          11          11           2         724.86         8.9749
          24          11          11           3         880.64         14.506
          24          11          11           4         806.89         9.0562
          24          11          11           8         980.17         10.329
          24          11          11           9         947.76         9.9971
          24          11          11          10         692.98         9.6091
          24          11          11          11         880.56         10.385
          24          11          11          12         698.06         10.409
          24          11          12           0         775.23          17.42
          24          11          12           1         857.67         12.416
          24          11          12           2         831.98         13.176
          24          11          12           3         929.95         12.597
          24          11          12           4         758.84         12.344
          24          11          12           5         885.72         11.278
          24          11          12           6         868.04         12.277
          24          11          12           7         941.19          12.33
          24          11          12           8         844.52         10.769
          24          11          12           9         916.11         11.274
          24          11          12          10          788.8         13.015
          24          11          12          11         788.93          13.32
          25          11           9          10         558.19         12.707
          25          11           9          11         561.76         12.601
          25          11           9          12         730.37         13.038
          25          11           9          13         800.01         13.958
          25          11           9          14         549.91         11.114
          25          11          10           0         690.37         14.002
          25          11          10           1         802.63         12.952
          25          11          10           2         693.19          12.33
          25          11          10           3         703.25         11.947
          25          11          10           4         581.87         12.078
          24          11          13           0         735.35         11.498
          24          11          13           1         863.94         10.471
          24          11          13           2          756.4         11.647
          24          11          13           3         780.81         9.2981
          24          11          13           4         681.65         7.7425
          24          11          13           5         701.78         7.6111
          24          11          13           6         610.92         8.8061
          24          11          13           7          639.1         7.9648
          24          11          13           8         762.33         8.1445
          24          11          13           9         777.23          7.886
          24          11          13          10         644.22         10.374
          24          11          13          11         605.39         12.169
          25          11           9           5          477.1         8.6919
          25          11           9           6         711.52         9.6595
          25          11           9           7         700.55          8.754
          25          11           9           8         670.19         9.2591
          25          11           9           9         636.75         9.7505
          25          11          10           5         851.41         15.548
          25          11          10           6         787.43         11.925
          25          11          10           7         600.58         11.116
          25          11          10           8           1454         9.3631
          25          11          10           9         642.44         10.934
          24          11          14           0         921.26         17.943
          24          11          14           1         567.55         10.049
          24          11          14           2         750.89         10.371
          24          11          14           3         829.29         9.6776
          24          11          14           4         667.74         9.5198
          24          11          14           5         896.66         9.9373
          24          11          14           6         784.99         9.7912
          24          11          14           7         775.21         10.317
          24          11          14           8         910.91         10.621
          24          11          14           9         677.81         10.179
          24          11          14          10         943.73         11.549
          24          11          14          11          876.9         15.123
          25          11           9           0         864.45         11.146
          25          11           9           1          800.3         10.676
          25          11           9           2          811.2         11.044
          25          11           9           3         822.74         10.673
          25          11           9           4         811.95         12.119
          25          11          10          10         417.06         12.805
          25          11          10          11         744.14          14.05
          25          11          10          12         751.39         10.102
          25          11          10          13         788.34         10.348
          25          11          10          14         902.85         10.814
          24          11          15           0         866.94           20.3
          24          11          15           1         844.51         10.803
          24          11          15           2         659.72         10.433
          24          11          15           3         847.41         10.207
          24          11          15           4          781.2         11.052
          24          11          15           5         756.75         9.3216
          24          11          15           6         768.51         15.693
          24          11          15           7         815.64          9.867
          24          11          15           8         775.37         10.245
          24          11          15           9          880.4         10.504
          24          11          15          10         772.37         10.336
          24          11          15          11         694.48         14.838
          25          11          11           0         686.48         14.439
          25          11          11           1         790.92         11.779
          25          11          11           2         563.55         10.403
          25          11          11           3         694.24         10.851
          25          11          11           4         796.85         11.011
          25          11          11           8         810.54         12.709
          25          11          11           9         819.04         11.064
          25          11          11          10         906.44         12.143
          25          11          11          11         820.53         11.319
          25          11          11          12         779.87         12.159
          25          11          12           0         782.98         16.687
          25          11          12           1         1119.1         11.282
          25          11          12           2         857.69         10.468
          25          11          12           3         841.87         10.809
          25          11          12           4         978.59         11.037
          25          11          12           5          764.8         11.164
          25          11          12           6         785.24         11.573
          25          11          12           7          872.6         10.186
          25          11          12           8         947.43          11.29
          25          11          12           9         913.86         10.609
          25          11          12          10         863.03         11.481
          25          11          12          11         635.41          12.34
          25          11          16          10         896.55         10.782
          25          11          16          11         825.26         11.374
          25          11          16          12         929.56         12.085
          25          11          16          13          907.9         12.724
          25          11          16          14         910.59         12.308
          25          11          17           0         759.94         12.502
          25          11          17           1         750.86         12.208
          25          11          17           2         766.22         10.558
          25          11          17           3         578.62         10.445
          25          11          17           4         764.96         11.182
          25          11          13           0         708.83         14.064
          25          11          13           1         742.21          11.45
          25          11          13           2         772.05         17.141
          25          11          13           3         884.46         12.733
          25          11          13           4         736.78         11.286
          25          11          13           5         745.56          11.65
          25          11          13           6         838.02         12.338
          25          11          13           7         788.28         10.914
          25          11          13           8         836.93          11.07
          25          11          13           9         819.36         11.289
          25          11          13          10         803.02         12.158
          25          11          13          11         783.62         13.261
          25          11          16           5         835.81         14.663
          25          11          16           6         674.37         13.119
          25          11          16           7         722.64         13.901
          25          11          16           8         815.34           12.7
          25          11          16           9         815.35         16.261
          25          11          17           5         871.46         13.882
          25          11          17           6         705.01         11.717
          25          11          17           7         827.86         11.142
          25          11          17           8         796.87         11.191
          25          11          17           9         886.36         12.246
          25          11          14           0         617.76         14.978
          25          11          14           1         797.94         10.123
          25          11          14           2          879.6         12.368
          25          11          14           3         848.67         9.7607
          25          11          14           4         875.22         10.659
          25          11          14           5         812.97         10.604
          25          11          14           6            916          13.37
          25          11          14           7         843.26         11.062
          25          11          14           8              0              0
          25          11          14           9         990.81         11.742
          25          11          14          10         905.29         11.899
          25          11          14          11         858.37         13.424
          25          11          16           0         745.51         12.056
          25          11          16           1         812.37         12.178
          25          11          16           2         794.28         11.461
          25          11          16           3         833.53         11.943
          25          11          16           4         829.01         11.663
          25          11          17          10          836.8         12.262
          25          11          17          11         772.19         12.273
          25          11          17          12          775.1         11.689
          25          11          17          13         817.01         11.842
          25          11          17          14         799.55         12.382
          25          11          15           0         878.91         13.045
          25          11          15           1         764.96          9.196
          25          11          15           2         908.87         10.606
          25          11          15           3         786.87         10.425
          25          11          15           4         708.24         10.357
          25          11          15           5         1100.1         11.904
          25          11          15           6         866.31          12.76
          25          11          15           7         872.14         12.156
          25          11          15           8         878.97         11.496
          25          11          15           9          686.4         11.711
          25          11          15          10         912.26         13.219
          25          11          15          11          841.2         15.114
          25          11          18           0          839.9         13.923
          25          11          18           1          748.5         13.067
          25          11          18           2         565.53         13.545
          25          11          18           3         722.11         18.425
          25          11          18           4         778.01         14.039
          25          11          18           8          758.1         11.775
          25          11          18           9         779.59         11.936
          25          11          18          10         799.98         12.131
          25          11          18          11         867.74         11.828
          25          11          18          12         757.15         14.226
          25          11          19           0         796.53         15.935
          25          11          19           1         904.39         14.282
          25          11          19           2         834.92         14.093
          25          11          19           3         917.03         14.366
          25          11          19           4         875.12         13.898
          25          11          19           5         750.37         13.906
          25          11          19           6         828.34         15.275
          25          11          19           7         900.97         13.888
          25          11          19           8         805.64         13.871
          25          11          19           9         816.63         13.226
          25          11          19          10          713.2         14.096
          25          11          19          11         910.18         16.604
          25          11          23          10         687.33         17.322
          25          11          23          11         653.83         14.693
          25          11          23          12         761.79         16.423
          25          11          23          13         679.71           15.9
          25          11          23          14         714.25         16.009
          25          11          24           0         719.62         15.735
          25          11          24           1         666.21         16.578
          25          11          24           2         721.71         15.703
          25          11          24           3         727.77         15.923
          25          11          24           4         757.97         16.074
          25          11          20           0         1506.4         16.481
          25          11          20           1         1275.8          13.97
          25          11          20           2         1277.7         14.581
          25          11          20           3         1269.9         13.869
          25          11          20           4              0              0
          25          11          20           5              0              0
          25          11          20           6              0              0
          25          11          20           7              0              0
          25          11          20           8           1225         15.173
          25          11          20           9              0              0
          25          11          20          10              0              0
          25          11          20          11         1130.6          15.18
          25          11          23           5          649.6          13.84
          25          11          23           6         793.01         15.394
          25          11          23           7         568.77         14.683
          25          11          23           8         527.79         14.199
          25          11          23           9         610.79         15.289
          25          11          24           5         824.16         16.311
          25          11          24           6         829.81         15.701
          25          11          24           7         838.19          15.11
          25          11          24           8          839.6         15.546
          25          11          24           9         768.29         17.095
          25          11          21           0         725.46         10.586
          25          11          21           1         761.91         12.185
          25          11          21           2         677.07         12.636
          25          11          21           3         840.19         12.687
          25          11          21           4         770.84          11.53
          25          11          21           5         752.43         12.313
          25          11          21           6         724.29         13.775
          25          11          21           7         587.01         11.441
          25          11          21           8         809.95         12.231
          25          11          21           9         762.81         11.971
          25          11          21          10         606.74          11.66
          25          11          21          11         830.38         13.982
          25          11          23           0         725.61         13.368
          25          11          23           1         718.78         11.731
          25          11          23           2         740.19         12.434
          25          11          23           3         595.43         11.961
          25          11          23           4         611.38         11.957
          25          11          24          10         824.69         13.977
          25          11          24          11         1024.7         14.384
          25          11          24          12         620.11         12.865
          25          11          24          13         677.87         15.644
          25          11          24          14         848.57           12.9
          25          11          22           0         772.99         14.793
          25          11          22           1         742.42         12.326
          25          11          22           2         787.99         13.545
          25          11          22           3         633.45         12.471
          25          11          22           4         669.45         11.262
          25          11          22           5         731.66         11.671
          25          11          22           6         823.63         14.725
          25          11          22           7         714.38         11.423
          25          11          22           8          805.3         11.662
          25          11          22           9         764.09          11.83
          25          11          22          10         640.03         12.248
          25          11          22          11         634.96          14.35
          25          11          25           0         754.06         15.944
          25          11          25           1         754.27          14.67
          25          11          25           2         753.66         15.743
          25          11          25           3          826.7         16.956
          25          11          25           4         556.45         17.099
          25          11          25           8         801.24         16.034
          25          11          25           9         804.47         11.944
          25          11          25          10         787.67         13.489
          25          11          25          11         858.09         14.218
          25          11          25          12         841.36         13.893
          25          11          26           0         965.53         15.506
          25          11          26           1         936.09         12.298
          25          11          26           2         870.15          13.53
          25          11          26           3         934.86         11.431
          25          11          26           4         774.76         11.637
          25          11          26           5         945.97         11.779
          25          11          26           6         870.58         11.454
          25          11          26           7         878.16         11.669
          25          11          26           8         861.79         11.092
          25          11          26           9         925.01          11.87
          25          11          26          10         904.14         12.118
          25          11          26          11         843.72         14.487
          24          11          18          10         739.63         13.566
          24          11          18          11         864.25         13.186
          24          11          18          12         827.01          13.26
          24          11          18          13          794.9         12.777
          24          11          18          14         792.01         13.493
          24          11          19           0         814.02         16.387
          24          11          19           1          769.6         13.887
          24          11          19           2         788.52          13.14
          24          11          19           3         688.82         19.416
          24          11          19           4         770.14         13.829
          25          11          27           0         751.58         14.443
          25          11          27           1         741.05         11.744
          25          11          27           2         907.32         13.293
          25          11          27           3         794.96         12.106
          25          11          27           4         864.42         11.378
          25          11          27           5         846.84         11.325
          25          11          27           6         1003.7         13.273
          25          11          27           7         737.94         10.781
          25          11          27           8              0              0
          25          11          27           9           1009         12.039
          25          11          27          10         965.02         12.407
          25          11          27          11         951.35         15.362
          24          11          18           5         834.67           14.3
          24          11          18           6         696.17           12.3
          24          11          18           7         757.65           12.4
          24          11          18           8         745.85         13.167
          24          11          18           9         882.98         12.794
          24          11          19           5         704.32         13.648
          24          11          19           6         765.15         12.757
          24          11          19           7         781.29         12.685
          24          11          19           8         786.67         13.633
          24          11          19           9         741.09         13.756
          24          11          16           0         771.71         20.699
          24          11          16           1         792.74         10.982
          24          11          16           2          694.2          11.76
          24          11          16           3         896.28         11.033
          24          11          16           4         845.92         10.519
          24          11          16           5         752.01         11.591
          24          11          16           6          907.9         13.663
          24          11          16           7         875.77         10.771
          24          11          16           8         915.41         10.717
          24          11          16           9         916.11         10.949
          24          11          16          10         857.72         12.397
          24          11          16          11            781         14.799
          24          11          18           0         731.51         19.433
          24          11          18           1         607.15         11.109
          24          11          18           2         878.55         12.729
          24          11          18           3         588.62         11.691
          24          11          18           4         836.82         12.577
          24          11          19          10         813.79         13.359
          24          11          19          11          851.9         12.218
          24          11          19          12         632.72         11.519
          24          11          19          13         912.57         12.503
          24          11          19          14         886.97         12.763
          24          11          17           0         861.63         13.962
          24          11          17           1         772.53         10.853
          24          11          17           2         852.16          12.12
          24          11          17           3         871.76         11.407
          24          11          17           4         719.22          10.76
          24          11          17           5         952.99         11.661
          24          11          17           6         743.44         12.165
          24          11          17           7         807.81         11.761
          24          11          17           8         858.81         11.347
          24          11          17           9          762.4         11.605
          24          11          17          10         693.35         11.629
          24          11          17          11         763.08         13.061
          24          11          20           0         863.38         14.304
          24          11          20           1         848.73         12.526
          24          11          20           2         824.68         12.364
          24          11          20           3         716.69          11.68
          24          11          20           4         853.18          14.08
          24          11          20           8         703.77         14.858
          24          11          20           9         886.61         14.996
          24          11          20          10         799.22         12.372
          24          11          20          11          738.6         14.731
          24          11          20          12         822.11         13.304
          24          11          21           0              0              0
          24          11          21           1         962.07         10.879
          24          11          21           2         838.61         9.7739
          24          11          21           3         819.61         10.758
          24          11          21           4          961.6          9.772
          24          11          21           5         814.51         10.148
          24          11          21           6         843.39         9.6063
          24          11          21           7         927.47         10.655
          24          11          21           8         881.15         10.202
          24          11          21           9         985.46         10.714
          24          11          21          10         790.77         9.5828
          24          11          21          11         816.14         13.284
          24          11          25          10            908         10.229
          24          11          25          11            847         10.711
          24          11          25          12         878.17         10.946
          24          11          25          13         893.09         10.408
          24          11          25          14         955.39         10.233
          24          11          26           0         746.33         10.476
          24          11          26           1         763.69         10.438
          24          11          26           2         861.06         10.106
          24          11          26           3         828.44         10.213
          24          11          26           4         866.38         10.211
          24          11          22           0         888.55         13.797
          24          11          22           1         825.11         9.3658
          24          11          22           2         820.97         9.8687
          24          11          22           3         834.84         9.7045
          24          11          22           4         754.45         8.9431
          24          11          22           5         870.88          8.979
          24          11          22           6         903.29          10.16
          24          11          22           7         777.86         9.6025
          24          11          22           8         843.76          8.442
          24          11          22           9         811.31         8.5215
          24          11          22          10         773.63         9.4267
          24          11          22          11         917.32         12.915
          24          11          25           5         746.36          10.16
          24          11          25           6         904.91         10.608
          24          11          25           7         908.03         9.1269
          24          11          25           8         861.11         9.3835
          24          11          25           9         837.08         9.3526
          24          11          26           5          805.4          9.508
          24          11          26           6         821.05         9.0431
          24          11          26           7         647.57         8.9892
          24          11          26           8          855.3         8.7151
          24          11          26           9         861.11         8.8021
          24          11          23           0         932.37          15.72
          24          11          23           1         953.93          12.43
          24          11          23           2         801.53         10.599
          24          11          23           3         846.69         11.943
          24          11          23           4         951.36         11.645
          24          11          23           5         785.76         11.222
          24          11          23           6         761.25         12.613
          24          11          23           7         844.58         10.817
          24          11          23           8         872.71         11.599
          24          11          23           9         885.42         10.749
          24          11          23          10         781.25          11.58
          24          11          23          11         860.45         13.702
          24          11          25           0         929.81         11.451
          24          11          25           1         736.76         10.948
          24          11          25           2          906.9         10.972
          24          11          25           3         714.12         10.578
          24          11          25           4         739.67         10.599
          24          11          26          10         834.86         13.742
          24          11          26          11         755.09         11.346
          24          11          26          12         809.62         5.5492
          24          11          26          13         765.32         12.091
          24          11          26          14         819.98         12.299
          24          11          24           0         1000.9         15.976
          24          11          24           1         862.91         13.261
          24          11          24           2         1064.9         13.403
          24          11          24           3          831.4         12.593
          24          11          24           4         818.85         12.362
          24          11          24           5         863.79         12.711
          24          11          24           6         983.97         13.562
          24          11          24           7         931.25         11.859
          24          11          24           8         893.32         10.538
          24          11          24           9         1006.2         12.674
          24          11          24          10         1007.9         12.773
          24          11          24          11         962.75         14.393
          24          11          27           0         872.42         16.915
          24          11          27           1         776.16         13.907
          24          11          27           2         928.81         14.589
          24          11          27           3         922.61         15.185
          24          11          27           4         813.68          15.08
          24          11          27           8         940.62         17.926
          24          11          27           9         786.25         15.176
          24          11          27          10         819.01         15.421
          24          11          27          11         766.94         14.889
          24          11          27          12         773.15         15.926
